626
Lattice="38.62553 0.0 0.0 0.0 48.47497 0.0 0.0 0.0 36.2857" Origin="0.85621 0.71529 19.90439" Properties=species:S:1:pos:R:3:id:I:1
C 29.17047 15.94758 20.65847 1
C 29.89366 15.24491 19.98551 2
C 28.18833 16.94175 21.53446 3
C 26.80595 13.89064 21.04953 4
C 27.15228 16.1351 22.28252 5
C 25.12564 15.77541 20.74035 6
C 26.34454 15.16473 21.39413 7
C 26.34245 16.83038 23.28145 8
C 24.40319 16.81996 21.54703 9
C 22.92419 13.69578 21.64689 10
C 23.41235 16.05315 22.41321 11
C 21.48811 15.64807 20.73394 12
C 22.62122 15.00882 21.66055 13
C 22.66539 16.84497 23.40498 14
C 20.71064 16.75804 21.64771 15
C 19.32217 13.59025 21.89146 16
C 19.77118 15.99626 22.54464 17
C 17.84253 15.46273 20.90673 18
C 18.99493 14.89742 21.8405 19
C 19.03237 16.79919 23.5306 20
C 17.05489 16.58034 21.78039 21
C 15.76571 13.40836 21.92453 22
C 16.12363 15.83688 22.69847 23
C 14.06956 15.20874 21.27709 24
C 15.319 14.71007 22.01986 25
C 15.40043 16.64423 23.68168 26
C 13.36124 16.31412 21.96508 27
C 11.97668 13.18488 22.2845 28
C 12.38208 15.64261 22.97095 29
C 9.99996 14.73941 22.29814 30
C 11.46856 14.44406 22.50158 31
C 11.78539 16.57316 23.89064 32
C 9.67682 16.2049 22.48324 33
C 31.24339 18.32792 21.06171 34
C 28.99886 17.97523 22.28861 35
C 29.35049 19.999 20.7409 36
C 28.29723 18.78363 23.28375 37
C 29.9665 18.7848 21.40162 38
C 28.30558 20.72069 21.54716 39
C 27.24793 17.86869 20.52959 40
C 27.30671 19.7151 22.45766 41
C 25.40904 17.81914 22.45764 42
C 25.45678 19.66781 20.71592 43
C 24.53393 18.73058 23.36441 44
C 26.3406 18.78329 21.49195 45
C 26.3947 20.59053 23.3643 46
C 24.54682 20.57809 21.57553 47
C 23.48722 17.8091 20.59744 48
C 23.59078 19.63461 22.5365 49
C 21.69338 17.76793 22.54257 50
C 21.73946 19.58176 20.76127 51
C 20.82158 18.70379 23.44196 52
C 22.62736 18.68936 21.56855 53
C 22.69118 20.55431 23.44855 54
C 20.86751 20.46368 21.65557 55
C 19.83495 17.65643 20.76654 56
C 19.91942 19.537 22.62582 57
C 18.03498 17.63635 22.64652 58
C 18.0779 19.41351 20.79151 59
C 17.17281 18.58018 23.51288 60
C 18.97539 18.5524 21.65277 61
C 19.05675 20.42577 23.44877 62
C 17.21032 20.29743 21.67095 63
C 16.16168 17.44783 20.87088 64
C 16.26941 19.37742 22.66677 65
C 14.37998 17.43126 22.76721 66
C 14.38776 19.19323 20.8653 67
C 13.58008 18.39464 23.60452 68
C 15.30658 18.35408 21.73002 69
C 15.42421 20.27084 23.47688 70
C 13.5281 20.104 21.71281 71
C 12.41451 17.18174 20.92835 72
C 12.60979 19.16874 22.74908 73
C 10.85407 17.14377 22.95516 74
C 10.41157 18.80998 21.23893 75
C 11.51913 18.12414 21.9453 76
C 11.79201 20.17758 23.64491 77
C 9.88683 20.06287 21.95502 78
C 31.42937 22.20082 21.64833 79
C 29.0718 21.71202 22.41358 80
C 29.47703 23.63639 20.73425 81
C 28.27996 22.45917 23.40516 82
C 30.11622 22.50318 21.66098 83
C 28.36706 24.41403 21.64808 84
C 27.3162 21.63703 20.59754 85
C 27.35729 23.43089 22.54244 86
C 25.49061 21.53386 22.53649 87
C 25.54375 23.38483 20.76201 88
C 24.57084 22.43344 23.44878 89
C 26.43545 22.49754 21.56845 90
C 26.42118 24.30302 23.4425 91
C 24.66172 24.25679 21.65547 92
C 23.65884 21.46623 20.7452 93
C 23.70629 23.3038 22.62948 94
C 21.82105 21.41843 22.6292 95
C 21.914 23.21089 20.7687 96
C 20.95127 22.29662 23.44778 97
C 22.78234 22.34239 21.64598 98
C 22.82765 24.17301 23.44751 99
C 21.02855 24.09614 21.63708 100
C 19.99846 21.3303 20.76434 101
C 20.07681 23.16393 22.61707 102
C 18.17505 21.28198 22.6221 103
C 18.25402 23.07233 20.73905 104
C 17.32484 22.17423 23.42638 105
C 19.12539 22.21076 21.64036 106
C 19.20632 24.04692 23.41838 107
C 17.37805 23.94985 21.61103 108
C 16.32725 21.14921 20.77432 109
C 16.43596 23.01403 22.59937 110
C 14.53222 21.0918 22.64924 111
C 14.57432 22.87864 20.75296 112
C 13.71865 21.98362 23.48215 113
C 15.46137 22.03129 21.65109 114
C 15.5736 23.90352 23.39729 115
C 13.70301 23.7716 21.60807 116
C 12.61573 20.94138 20.84028 117
C 12.78208 22.82338 22.6104 118
C 10.99009 20.88791 22.64911 119
C 10.62017 22.60782 20.85924 120
C 11.73476 21.82907 21.7402 121
C 11.93136 23.81158 23.48318 122
C 10.04455 23.76286 21.78135 123
C 31.53496 25.80232 21.89262 124
C 29.12887 25.35327 22.54504 125
C 29.66262 27.2818 20.90723 126
C 28.32564 26.09218 23.53136 127
C 30.2278 26.12942 21.84115 128
C 28.54483 28.06957 21.7809 129
C 27.46891 25.28973 20.76704 130
C 27.48859 27.08974 22.64701 131
C 25.58746 25.20582 22.62621 132
C 25.71167 27.04677 20.79169 133
C 24.69932 26.06809 23.4486 134
C 26.57283 26.14931 21.65304 135
C 26.54497 27.95188 23.51311 136
C 24.82764 27.91433 21.67095 137
C 23.79463 25.12627 20.76432 138
C 23.84347 26.94899 22.62228 139
C 21.96122 25.04753 22.61715 140
C 22.05261 26.87037 20.73911 141
C 21.07785 25.9185 23.41842 142
C 22.91402 25.99922 21.64029 143
C 22.95043 27.79995 23.42651 144
C 21.17506 27.7464 21.61098 145
C 20.16148 24.9632 20.73896 146
C 20.21688 26.79264 22.58322 147
C 18.33209 24.90772 22.58333 148
C 18.4046 26.71993 20.70696 149
C 17.46001 25.79369 23.37606 150
C 19.27895 25.84577 21.60071 151
C 19.33114 27.66456 23.37595 152
C 17.52397 27.60062 21.5575 153
C 16.49947 24.80748 20.71232 154
C 16.58363 26.64426 22.53851 155
C 14.69004 24.73752 22.56511 156
C 14.729 26.54304 20.67537 157
C 13.85018 25.62928 23.37857 158
C 15.61896 25.68668 21.57324 159
C 15.70882 27.51156 23.34138 160
C 13.83297 27.43134 21.49482 161
C 12.80187 24.61523 20.72147 162
C 12.9166 26.47812 22.49171 163
C 11.13448 24.54631 22.49385 164
C 10.79904 26.26389 20.67957 165
C 11.89982 25.48935 21.59847 166
C 12.00371 27.44643 23.33926 167
C 10.18711 27.42703 21.57634 168
C 31.7168 29.35862 21.92577 169
C 29.28821 29.00068 22.69909 170
C 29.91635 31.05441 21.27733 171
C 28.4808 29.72421 23.68245 172
C 30.41503 29.80532 22.02053 173
C 28.81113 31.76289 21.96504 174
C 27.67753 28.96272 20.87138 175
C 27.69384 30.74445 22.7674 176
C 25.74766 28.85511 22.66696 177
C 25.93196 30.73657 20.86525 178
C 24.85403 29.70035 23.47699 179
C 26.7711 29.8179 21.7302 180
C 26.73036 31.54447 23.60445 181
C 25.02108 31.59622 21.71256 182
C 23.97585 28.79719 20.77432 183
C 24.03326 30.59226 22.64904 184
C 22.11074 28.6887 22.59911 185
C 22.24632 30.55003 20.75269 186
C 21.22161 29.55102 23.39711 187
C 23.09364 29.66297 21.651 188
C 23.14134 31.40583 23.48193 189
C 21.35334 31.42143 21.60769 190
C 20.31724 28.6249 20.71219 191
C 20.38737 30.4345 22.5648 192
C 18.48053 28.54095 22.53845 193
C 18.58182 30.39534 20.67502 194
C 17.61325 29.41584 23.34129 195
C 19.43808 29.50558 21.57305 196
C 19.49577 31.27448 23.37828 197
C 17.69359 31.29152 21.49458 198
C 16.65004 28.47456 20.65005 199
C 16.72138 30.3201 22.44402 200
C 14.8045 28.40348 22.44414 201
C 14.86005 30.26467 20.61036 202
C 13.90959 29.33615 23.26601 203
C 15.76158 29.3631 21.47209 204
C 15.78879 31.21511 23.26589 205
C 13.97586 31.14897 21.40464 206
C 12.9345 28.30123 20.60725 207
C 13.00555 30.19563 22.37308 208
C 11.24648 28.20628 22.32978 209
C 10.9524 29.97843 20.53523 210
C 12.02707 29.17708 21.46619 211
C 12.03312 31.12185 23.21003 212
C 10.32905 31.1803 21.38181 213
C 31.94024 33.14763 22.28436 214
C 29.48252 32.74219 22.97074 215
C 30.38559 35.12427 22.29756 216
C 28.55188 33.33912 23.89029 217
C 30.68101 33.65576 22.50125 218
C 28.92011 35.4474 22.48261 219
C 27.94351 32.70949 20.92806 220
C 27.98133 34.27027 22.95462 221
C 25.95628 32.51459 22.74875 222
C 26.31522 34.71267 21.23796 223
C 24.94728 33.33253 23.64411 224
C 27.0011 33.60484 21.94489 225
C 25.06199 35.23748 21.95389 226
C 24.18367 32.5085 20.83988 227
C 24.23714 34.13427 22.64827 228
C 22.30157 32.34246 22.60985 229
C 22.51708 34.50419 20.8583 230
C 21.31331 33.19313 23.48247 231
C 23.29591 33.38954 21.7395 232
C 21.36213 35.07993 21.7805 233
C 20.50974 32.32253 20.72099 234
C 20.5788 33.99008 22.4932 235
C 18.64692 32.20799 22.49133 236
C 18.86105 34.32537 20.67892 237
C 17.67855 33.1209 23.33867 238
C 19.63567 33.22465 21.59792 239
C 17.69793 34.93741 21.57576 240
C 16.82378 32.18988 20.6072 241
C 16.91883 33.87812 22.3294 242
C 14.92934 32.11915 22.3729 243
C 15.14716 34.17171 20.53401 244
C 14.0032 33.09248 23.20965 245
C 15.94793 33.09743 21.46585 246
C 13.9452 34.79639 21.38127 247
C 13.08054 32.04486 20.47428 248
C 13.17965 33.8012 22.22915 249
C 11.32626 31.94564 22.22897 250
C 11.16671 33.93678 20.58382 251
C 12.15269 32.97155 21.46662 252
C 10.47483 34.66337 19.90439 253
C 28.19892 16.92524 25.05483 254
C 25.43311 15.99352 24.3084 255
C 24.69535 16.94941 25.08404 256
C 21.76453 15.98787 24.46537 257
C 21.03541 16.98157 25.18706 258
C 18.1781 15.93987 24.62914 259
C 17.43602 16.94275 25.32272 260
C 14.5779 15.79933 24.8227 261
C 13.81792 16.76996 25.52593 262
C 29.13254 19.69366 24.31145 263
C 28.1751 20.43054 25.08571 264
C 27.40898 17.7165 24.31956 265
C 27.27098 19.70242 26.00431 266
C 25.42222 17.85339 26.00358 267
C 25.46983 19.65513 24.28984 268
C 24.60956 18.5708 26.99185 269
C 26.39438 18.73028 25.27107 270
C 26.55378 20.51547 26.993 271
C 24.57918 20.54557 25.20381 272
C 23.65682 17.79441 24.29966 273
C 23.6861 19.6354 26.14064 274
C 21.79725 17.89894 26.04158 275
C 21.80434 19.67008 24.33267 276
C 21.01718 18.66665 27.03179 277
C 22.74485 18.72634 25.23378 278
C 22.82739 20.54861 27.05169 279
C 20.94335 20.52329 25.24633 280
C 20.01323 17.83374 24.3671 281
C 20.06101 19.66717 26.14038 282
C 18.21356 17.89205 26.11596 283
C 18.17824 19.57981 24.37373 284
C 17.4424 18.66388 27.08952 285
C 19.15222 18.71765 25.27208 286
C 19.22901 20.52313 27.03928 287
C 17.33387 20.4463 25.25768 288
C 16.37649 17.73332 24.47723 289
C 16.45305 19.61402 26.18475 290
C 14.57082 17.82242 26.23385 291
C 14.59853 19.44469 24.43074 292
C 13.83791 18.67309 27.12717 293
C 15.52496 18.63294 25.32908 294
C 15.65723 20.48413 27.06415 295
C 13.74845 20.33385 25.30506 296
C 12.69986 17.51087 24.69804 297
C 12.97039 19.39134 26.22904 298
C 10.95512 19.3497 24.788 299
C 11.9327 18.61967 25.51248 300
C 29.1367 23.35995 24.46565 301
C 28.14313 24.08915 25.18701 302
C 27.3303 21.46792 24.29985 303
C 27.22588 23.32727 26.04175 304
C 25.48912 21.43841 26.14083 305
C 25.45423 23.3203 24.33301 306
C 24.57593 22.29709 27.05185 307
C 26.39808 22.37989 25.23369 308
C 26.45793 24.10716 27.03178 309
C 24.60209 24.18074 25.24669 310
C 23.64805 21.47684 24.34841 311
C 23.68197 23.23997 26.15404 312
C 21.88483 21.44282 26.15425 313
C 21.89321 23.23185 24.38035 314
C 21.01455 22.30303 27.03937 315
C 22.77807 22.34644 25.25372 316
C 22.8215 24.1101 27.03949 317
C 21.02096 24.10366 25.23492 318
C 20.0446 21.39979 24.37459 319
C 20.11775 23.20252 26.14105 320
C 18.29335 21.40663 26.14813 321
C 18.29064 23.14459 24.35206 322
C 17.43239 22.29613 27.02115 323
C 19.18415 22.28164 25.23101 324
C 19.25006 24.07511 27.01524 325
C 17.42416 24.03197 25.20971 326
C 16.43449 21.30354 24.38089 327
C 16.53395 23.16175 26.13212 328
C 14.72592 21.32409 26.20723 329
C 14.71076 23.02589 24.34845 330
C 13.89655 22.30833 26.97104 331
C 15.61138 22.22104 25.23198 332
C 15.70326 24.06334 27.00371 333
C 13.82361 23.95854 25.21303 334
C 12.86459 21.17585 24.44865 335
C 13.02723 23.01125 26.10328 336
C 11.07814 22.95447 24.59227 337
C 12.06815 22.21681 25.29289 338
C 29.18442 26.94659 24.63012 339
C 28.18212 27.68831 25.32312 340
C 27.29132 25.11137 24.36763 341
C 27.233 26.91103 26.11662 342
C 25.45732 25.06325 26.14016 343
C 25.54483 26.94621 24.37353 344
C 24.6014 25.89544 27.03936 345
C 26.40737 25.97205 25.2724 346
C 26.46026 27.68187 27.09016 347
C 24.67822 27.79139 25.25792 348
C 23.72538 25.08007 24.37407 349
C 23.71799 26.83132 26.14783 350
C 21.92229 25.00695 26.14086 351
C 21.98032 26.83378 24.3524 352
C 21.04965 25.8747 27.01516 353
C 22.84235 25.9413 25.23134 354
C 22.82873 27.69238 27.02097 355
C 21.09311 27.70036 25.20957 356
C 20.14196 24.98254 24.34495 357
C 20.16433 26.76958 26.11162 358
C 18.35518 24.96049 26.11164 359
C 18.39002 26.73484 24.31218 360
C 17.4747 25.86375 26.97217 361
C 19.26324 25.86161 25.1881 362
C 19.2612 27.65015 26.97212 363
C 17.50785 27.61698 25.16929 364
C 16.54622 24.89782 24.32439 365
C 16.59348 26.73529 26.07049 366
C 14.78901 24.91902 26.13297 367
C 14.82034 26.63133 24.25684 368
C 13.94338 25.89147 26.88195 369
C 15.70135 25.81943 25.15362 370
C 15.74576 27.63475 26.94957 371
C 13.8645 27.54478 25.14073 372
C 12.96669 24.80426 24.32521 373
C 13.07063 26.59009 26.01201 374
C 11.15044 26.55198 24.4218 375
C 12.12596 25.82058 25.14422 376
C 29.32451 30.54695 24.8238 377
C 28.35529 31.3065 25.52553 378
C 27.3915 28.74798 24.47772 379
C 27.30286 30.55419 26.23387 380
C 25.51086 28.6719 26.18494 381
C 25.68027 30.52616 24.4307 382
C 24.64082 29.46793 27.0641 383
C 26.49171 29.5997 25.32935 384
C 26.45119 31.28794 27.12726 385
C 24.79112 31.37649 25.30481 386
C 23.82152 28.69022 24.38115 387
C 23.80075 30.39906 26.20716 388
C 21.96311 28.59081 26.13212 389
C 22.09908 30.4138 24.34824 390
C 21.06154 29.42154 27.0035 391
C 22.90394 29.51332 25.23153 392
C 22.81665 31.22849 26.9705 393
C 21.16652 31.30104 25.21251 394
C 20.22698 28.5785 24.32424 395
C 20.20601 30.33568 26.13274 396
C 18.38962 28.53135 26.0704 397
C 18.49364 30.30434 24.25663 398
C 17.49024 29.37914 26.94947 399
C 19.30547 29.42346 25.15351 400
C 19.23357 31.18162 26.88167 401
C 17.58034 31.26029 25.14054 402
C 16.64297 28.48183 24.24656 403
C 16.61186 30.32432 26.07975 404
C 14.80054 28.5131 26.07986 405
C 14.84335 30.28151 24.18815 406
C 13.96365 29.49485 26.81403 407
C 15.73057 29.39429 25.0574 408
C 15.63027 31.16128 26.81394 409
C 13.93133 31.19369 25.16786 410
C 12.96459 28.43841 24.2373 411
C 13.10123 30.20378 25.95387 412
C 11.21195 30.21916 24.26388 413
C 12.15054 29.46862 25.03373 414
C 27.61425 32.42463 24.69795 415
C 25.73352 32.1547 26.22855 416
C 25.77507 34.17022 24.78689 417
C 26.50531 33.19207 25.5123 418
C 23.94922 32.2601 24.4481 419
C 22.11386 32.09742 26.10315 420
C 22.17034 34.04707 24.59141 421
C 22.90862 33.05631 25.29271 422
C 20.32081 32.15799 24.32468 423
C 18.53494 32.05415 26.01161 424
C 18.57293 33.9747 24.42108 425
C 19.30484 32.99845 25.1441 426
C 16.6867 32.16017 24.23705 427
C 14.92141 32.02377 25.95378 428
C 14.90622 33.91274 24.26366 429
C 15.65668 32.97429 25.03356 430
C 12.92511 32.20006 24.23431 431
C 12.13297 32.99234 24.97799 432
C 25.67337 19.45078 28.01918 433
C 26.46544 18.65856 28.77221 434
C 24.65138 20.47274 28.94384 435
C 23.70524 17.74357 27.97534 436
C 23.6947 19.59744 29.68215 437
C 21.96835 19.59103 27.95701 438
C 22.96303 18.71088 28.76657 439
C 22.87345 20.32802 30.65489 440
C 21.05938 20.50973 28.88106 441
C 20.12537 17.79307 28.03756 442
C 20.11715 19.66821 29.67245 443
C 18.3824 19.63339 27.96408 444
C 19.38052 18.7527 28.79941 445
C 19.32673 20.42717 30.65093 446
C 17.51355 20.49588 28.86131 447
C 16.57257 17.75686 28.11711 448
C 16.54074 19.65978 29.69917 449
C 14.71153 19.51093 28.05909 450
C 15.80875 18.67454 28.88171 451
C 15.80199 20.4522 30.63135 452
C 13.89183 20.3938 29.05473 453
C 27.37968 21.41926 27.97584 454
C 25.52713 21.42956 29.68229 455
C 25.53362 23.15605 27.95721 456
C 24.79681 22.25133 30.65529 457
C 26.41449 22.16073 28.76583 458
C 24.61492 24.06509 28.88102 459
C 23.70491 21.41961 27.95624 460
C 23.70825 23.15258 29.77379 461
C 21.97188 21.41654 29.77386 462
C 21.92776 23.19684 27.9438 463
C 21.13429 22.27106 30.65565 464
C 22.85543 22.26916 28.87346 465
C 22.85373 23.99045 30.65549 466
C 21.05394 24.07105 28.81648 467
C 20.11829 21.44173 27.91703 468
C 20.16769 23.18247 29.71666 469
C 18.36591 21.4306 29.72495 470
C 18.35802 23.19055 27.91577 471
C 17.55443 22.26875 30.6263 472
C 19.2519 22.28834 28.81918 473
C 19.28987 24.06852 30.60271 474
C 17.5078 24.08335 28.78566 475
C 16.55686 21.37881 27.90663 476
C 16.59074 23.14974 29.76192 477
C 14.86531 21.20698 29.7603 478
C 14.69238 23.12711 27.95002 479
C 15.65787 22.20287 28.86033 480
C 15.7622 24.09808 30.54591 481
C 13.86261 24.02783 28.93314 482
C 27.33206 24.9988 28.03754 483
C 25.45659 25.00712 29.67253 484
C 25.49089 26.74173 27.96418 485
C 24.69794 25.79772 30.65071 486
C 26.37196 25.74387 28.79968 487
C 24.62927 27.6108 28.86099 488
C 23.68284 25.00612 27.917 489
C 23.69463 26.75875 29.72474 490
C 21.94237 24.95713 29.71658 491
C 21.93435 26.76673 27.91565 492
C 21.05665 25.8349 30.60254 493
C 22.83651 25.87261 28.81913 494
C 22.85642 27.57017 30.62599 495
C 21.04164 27.61708 28.78555 496
C 20.15247 24.97234 27.89801 497
C 20.1581 26.75453 29.68821 498
C 18.37042 24.9669 29.68826 499
C 18.36578 26.75916 27.85713 500
C 17.54683 25.8481 30.56649 501
C 19.26385 25.86109 28.78648 502
C 19.27705 27.57821 30.56646 503
C 17.50803 27.61695 28.69362 504
C 16.5906 24.93058 27.87591 505
C 16.61029 26.73765 29.68613 506
C 14.83043 24.81168 29.67769 507
C 14.72488 26.70973 27.88181 508
C 15.6705 25.79086 28.79741 509
C 15.79867 27.72149 30.45336 510
C 13.8997 27.63548 28.84505 511
C 27.36496 28.5497 28.12085 512
C 25.46608 28.58379 29.69881 513
C 25.61316 30.41463 28.05923 514
C 24.67314 29.3222 30.63031 515
C 26.45015 29.31868 28.88286 516
C 24.73022 31.23343 29.05458 517
C 23.74621 28.56791 27.90656 518
C 23.91866 30.25942 29.75991 519
C 21.97534 28.53408 29.76175 520
C 21.99805 30.43248 27.94955 521
C 21.02707 29.36272 30.5457 522
C 22.92227 29.46679 28.86025 523
C 21.09717 31.26246 28.93291 524
C 20.1944 28.53427 27.87579 525
C 20.31318 30.29434 29.67769 526
C 18.38754 28.51468 29.68599 527
C 18.41461 30.4005 27.88229 528
C 17.40356 29.32667 30.45327 529
C 19.33418 29.45453 28.79728 530
C 17.48934 31.22396 28.84489 531
C 16.62711 28.49783 27.82057 532
C 16.69371 30.26739 29.59927 533
C 14.85843 28.43213 29.60032 534
C 14.74105 30.38406 27.81761 535
C 15.68986 29.43539 28.76192 536
C 13.8045 31.32082 28.64996 537
C 24.72799 20.39659 32.45236 538
C 21.96732 19.50208 31.62414 539
C 21.21963 20.47013 32.41002 540
C 18.44602 19.53187 31.66022 541
C 17.67514 20.43806 32.43836 542
C 25.62194 23.15701 31.62395 543
C 24.65524 23.90452 32.40957 544
C 23.9328 21.19185 31.69332 545
C 23.77038 23.18378 33.33754 546
C 21.94105 21.35452 33.33769 547
C 21.98204 23.14271 31.54276 548
C 21.11222 22.09022 34.29241 549
C 22.90892 22.21597 32.598 550
C 23.03451 24.0122 34.29173 551
C 21.1064 24.01856 32.4608 552
C 20.25659 21.35508 31.57029 553
C 20.20501 23.15723 33.37342 554
C 18.37543 21.41943 33.29813 555
C 18.41074 23.14925 31.48463 556
C 17.62812 22.22253 34.21748 557
C 19.34832 22.25314 32.48072 558
C 19.39815 24.01238 34.24912 559
C 17.50317 23.9678 32.43098 560
C 16.60745 21.27479 31.588 561
C 16.70009 22.95748 33.32048 562
C 15.75667 22.14847 32.59435 563
C 25.59338 26.67825 31.65998 564
C 24.68739 27.44934 32.4382 565
C 23.77004 24.86812 31.57017 566
C 23.7059 26.74933 33.29781 567
C 21.96792 24.91996 33.37335 568
C 21.97595 26.71406 31.48446 569
C 21.11292 25.72702 34.24903 570
C 22.87205 25.77651 32.48059 571
C 22.9029 27.49685 34.21715 572
C 21.15751 27.62184 32.43073 573
C 20.17643 24.94858 31.48864 574
C 20.21294 26.69736 33.32519 575
C 18.42777 24.91238 33.32532 576
C 18.43231 26.69282 31.4324 577
C 17.6251 25.89234 34.09162 578
C 19.32502 25.80012 32.32006 579
C 19.233 27.50014 34.09152 580
C 17.50843 27.61684 32.39496 581
C 16.54007 24.9105 31.51529 582
C 16.68451 26.61386 33.23851 583
C 15.71702 25.82751 32.49236 584
C 23.85099 28.51698 31.58714 585
C 22.16793 28.42471 33.32013 586
C 22.97716 29.36836 32.59374 587
C 20.21458 28.585 31.51533 588
C 18.51165 28.44088 33.2382 589
C 19.29773 29.40777 32.49234 590
C 16.54913 28.57593 31.45331 591
C 15.5761 29.54921 32.32256 592
C 22.16359 22.96149 35.32031 593
C 22.96102 22.16409 36.09942 594
C 21.14725 23.97817 36.20131 595
C 20.20881 21.28701 35.29719 596
C 20.1522 23.17555 36.98991 597
C 18.42072 23.04845 35.19922 598
C 19.44804 22.22406 36.08049 599
C 19.41213 24.05174 37.8432 600
C 17.58211 23.96812 36.17624 601
C 23.83943 24.91603 35.29694 602
C 21.94985 24.97316 36.98978 603
C 22.07702 26.70439 35.19883 604
C 21.07388 25.71333 37.84307 605
C 22.90063 25.67765 36.08082 606
C 21.15738 27.54344 36.17588 607
C 20.24527 24.88002 35.10242 608
C 20.34752 26.60339 36.91579 609
C 18.52187 24.77773 36.91574 610
C 18.38526 26.74006 35.09911 611
C 19.35467 25.77065 36.04539 612
C 17.42753 27.69808 35.9645 613
C 21.13037 23.99515 39.80799 614
C 20.218 24.9076 38.84775 615
C 19.26956 25.85627 39.71185 616
C 8.4115 16.6888 22.24725 617
C 8.583 20.49631 21.82532 618
C 8.7372 24.09223 21.81194 619
C 8.88201 27.76419 21.54595 620
C 9.04784 31.55736 21.23707 621
C 28.43607 36.71262 22.24632 622
C 24.62864 36.54119 21.82363 623
C 21.03277 36.38727 21.81101 624
C 17.36091 36.24254 21.54559 625
C 13.5677 36.0775 21.23557 626
