REAX 2023.103  RunTime: Jul10-2024 10:39:17  ShM Nodes: 2  Procs: 10
 Iteration Nmol    Time(fs) Epot(kcal/mol)  Vol(A^3)      T(K)       Pres(MPa)  Dens(kg/dm3)  Elap
        0     3        0.00   -381543.17   353005.90      300.10      -73.99     0.63767       0.0s
      100     3       10.00   -378905.63   353005.90      317.98       45.76     0.63767       6.0s
      200     3       20.00   -378711.98   353005.90      335.56       82.94     0.63767      12.0s
      300     3       30.00   -378684.20   353005.90      347.36       77.53     0.63767      18.0s
      400     3       40.00   -378542.73   353005.90      375.92       84.47     0.63767      24.0s
      500     3       50.00   -378427.76   353005.90      387.95       96.89     0.63767      30.2s
      600     3       60.00   -378912.88   353005.90      414.49      113.75     0.63767      36.3s
      700     3       70.00   -378844.69   353005.90      438.11       88.23     0.63767      42.3s
      800     3       80.00   -379512.69   353005.90      454.17      101.37     0.63767      48.5s
      900     3       90.00   -379344.21   353005.90      468.04       42.03     0.63767      54.7s
     1000     3      100.00   -379373.18   353005.90      477.11       24.34     0.63767      61.0s
     1100     3      110.00   -379959.44   353005.90      487.01       90.70     0.63767      67.1s
     1200     3      120.00   -379772.25   353005.90      485.66       34.93     0.63767      73.3s
     1300     3      130.00   -380060.08   353005.90      495.27       41.31     0.63767      79.3s
     1400     3      140.00   -380519.82   353005.90      501.55       43.20     0.63767      85.4s
     1500     3      150.00   -380668.25   353005.90      501.17       65.62     0.63767      91.7s
     1600     3      160.00   -380607.93   353005.90      506.80       -0.96     0.63767      97.9s
     1700     3      170.00   -381004.95   353005.90      521.23        9.98     0.63767     104.2s
     1800     3      180.00   -381219.41   353005.90      517.30        0.90     0.63767     110.4s
     1900     3      190.00   -381464.29   353005.90      516.17       44.52     0.63767     116.5s
     2000     3      200.00   -381397.50   353005.90      505.59       26.36     0.63767     122.9s
     2100     3      210.00   -381523.04   353005.90      499.60        8.40     0.63767     129.1s
     2200     3      220.00   -381888.08   353005.90      502.25       15.39     0.63767     135.3s
     2300     2      230.00   -381931.20   353005.90      486.96      -12.02     0.63767     141.5s
     2400     2      240.00   -382046.62   353005.90      480.24      -22.43     0.63767     147.5s
     2500     2      250.00   -382033.05   353005.90      468.00      -29.96     0.63767     153.6s
     2600     2      260.00   -382064.09   353005.90      455.78      -33.61     0.63767     159.6s
     2700     2      270.00   -382169.08   353005.90      449.60      -35.22     0.63767     165.7s
     2800     2      280.00   -382197.54   353005.90      440.89      -16.23     0.63767     171.8s
     2900     2      290.00   -382124.17   353005.90      425.95      -44.19     0.63767     177.8s
     3000     2      300.00   -382246.80   353005.90      419.49      -17.84     0.63767     184.0s
     3100     2      310.00   -382368.24   353005.90      416.36      -55.22     0.63767     190.1s
     3200     2      320.00   -382285.38   353005.90      406.07      -27.18     0.63767     196.4s
     3300     2      330.00   -382323.25   353005.90      400.87      -14.65     0.63767     202.6s
     3400     2      340.00   -382414.39   353005.90      397.61      -26.26     0.63767     208.9s
     3500     2      350.00   -382389.03   353005.90      391.01      -31.87     0.63767     215.2s
     3600     2      360.00   -382416.84   353005.90      381.97      -49.10     0.63767     221.5s
     3700     2      370.00   -382414.22   353005.90      374.61      -23.72     0.63767     227.5s
     3800     2      380.00   -382386.02   353005.90      364.99      -11.35     0.63767     233.7s
     3900     2      390.00   -382444.31   353005.90      361.05      -11.89     0.63767     239.8s
     4000     2      400.00   -382509.73   353005.90      362.29      -28.64     0.63767     246.2s
     4100     2      410.00   -382516.84   353005.90      357.33      -39.71     0.63767     252.4s
     4200     2      420.00   -382575.98   353005.90      358.02      -24.26     0.63767     258.6s
     4300     2      430.00   -382583.23   353005.90      353.52       -6.02     0.63767     264.8s
     4400     2      440.00   -382611.16   353005.90      351.67      -38.45     0.63767     271.2s
     4500     2      450.00   -382561.70   353005.90      341.68      -36.13     0.63767     277.5s
     4600     2      460.00   -382582.97   353005.90      339.99      -81.70     0.63767     283.8s
     4700     2      470.00   -382515.34   353005.90      329.50      -52.72     0.63767     290.2s
     4800     2      480.00   -382516.76   353005.90      325.57      -25.40     0.63767     296.5s
     4900     2      490.00   -382505.96   353005.90      326.60      -58.97     0.63767     302.8s
     5000     2      500.00   -382548.30   353005.90      324.27      -51.31     0.63767     309.3s
     5100     2      510.00   -382524.69   353005.90      320.33      -44.02     0.63767     315.6s
     5200     2      520.00   -382484.56   353005.90      314.29      -30.83     0.63767     321.9s
     5300     2      530.00   -382514.04   353005.90      316.17       -9.18     0.63767     328.2s
     5400     2      540.00   -382512.60   353005.90      314.68        4.57     0.63767     334.5s
     5500     2      550.00   -382484.62   353005.90      310.59       -7.30     0.63767     340.7s
     5600     2      560.00   -382485.61   353005.90      309.31      -32.23     0.63767     347.1s
     5700     2      570.00   -382466.90   353005.90      306.39      -11.78     0.63767     353.5s
     5800     2      580.00   -382436.79   353005.90      302.39      -21.11     0.63767     359.8s
     5900     2      590.00   -382394.17   353005.90      298.05        1.07     0.63767     366.1s
     6000     2      600.00   -382458.59   353005.90      304.34      -11.47     0.63767     372.6s
     6100     2      610.00   -382400.69   353005.90      297.77      -61.75     0.63767     378.7s
     6200     2      620.00   -382406.37   353005.90      298.31      -35.53     0.63767     384.8s
     6300     2      630.00   -382405.17   353005.90      299.10      -59.62     0.63767     391.0s
     6400     2      640.00   -382408.31   353005.90      300.38       19.53     0.63767     397.1s
     6500     2      650.00   -382456.86   353005.90      306.12      -27.60     0.63767     403.2s
     6600     2      660.00   -382526.79   353005.90      313.58      -62.89     0.63767     409.5s
     6700     1      670.00   -382483.39   353005.90      311.65       14.63     0.63767     415.7s
     6800     1      680.00   -382544.37   353005.90      312.27       -6.28     0.63767     422.0s
     6900     1      690.00   -382478.12   353005.90      304.93      -31.68     0.63767     428.2s
     7000     1      700.00   -382374.70   353005.90      303.04       -9.11     0.63767     434.7s
     7100     1      710.00   -382469.14   353005.90      304.69       -9.54     0.63767     441.0s
     7200     1      720.00   -382388.37   353005.90      296.15      -44.15     0.63767     447.3s
     7300     1      730.00   -382411.33   353005.90      298.64      -18.41     0.63767     453.7s
     7400     1      740.00   -382467.17   353005.90      304.68       12.06     0.63767     460.0s
     7500     1      750.00   -382400.81   353005.90      297.05        3.56     0.63767     466.4s
     7600     1      760.00   -382403.37   353005.90      298.95       -3.65     0.63767     472.8s
     7700     1      770.00   -382408.05   353005.90      299.16       29.53     0.63767     479.1s
     7800     1      780.00   -382392.26   353005.90      298.55      -28.55     0.63767     485.5s
     7900     1      790.00   -382331.55   353005.90      291.43      -23.04     0.63767     491.8s
     8000     1      800.00   -382366.92   353005.90      295.82      -27.35     0.63767     498.3s
     8100     1      810.00   -382355.41   353005.90      294.77      -26.32     0.63767     504.6s
     8200     1      820.00   -382336.87   353005.90      292.84      -34.19     0.63767     510.9s
     8300     1      830.00   -382282.08   353005.90      293.38      -33.93     0.63767     517.2s
     8400     1      840.00   -382259.30   353005.90      292.40      -66.19     0.63767     523.4s
     8500     1      850.00   -382273.90   353005.90      295.14       10.46     0.63767     529.7s
     8600     1      860.00   -382259.54   353005.90      290.16      -20.49     0.63767     536.0s
     8700     1      870.00   -382289.94   353005.90      294.33       -8.70     0.63767     542.4s
     8800     1      880.00   -382302.16   353005.90      296.18      -11.48     0.63767     548.7s
     8900     1      890.00   -382258.87   353005.90      292.05      -28.94     0.63767     555.1s
     9000     1      900.00   -382232.51   353005.90      290.09       -4.13     0.63767     561.6s
     9100     1      910.00   -382261.66   353005.90      294.42      -26.44     0.63767     567.9s
     9200     1      920.00   -382143.61   353005.90      286.89      -15.09     0.63767     574.3s
     9300     1      930.00   -382201.15   353005.90      295.14       12.52     0.63767     580.7s
     9400     1      940.00   -382195.18   353005.90      290.36        2.71     0.63767     587.1s
     9500     1      950.00   -382155.24   353005.90      287.05      -28.26     0.63767     593.4s
     9600     1      960.00   -382078.18   353005.90      290.30        3.45     0.63767     599.8s
     9700     1      970.00   -382051.88   353005.90      294.11       33.13     0.63767     606.3s
     9800     1      980.00   -382113.82   353005.90      294.66      -55.31     0.63767     612.5s
     9900     1      990.00   -381929.07   353005.90      289.84       -9.29     0.63767     618.6s
    10000     1     1000.00   -381952.63   353005.90      291.27        1.83     0.63767     624.9s
    10100     1     1010.00   -381776.96   353005.90      294.74       17.18     0.63767     631.1s
    10200     1     1020.00   -381598.13   353005.90      299.79       14.24     0.63767     637.6s
    10300     1     1030.00   -381678.40   353005.90      302.36       15.19     0.63767     643.9s
    10400     1     1040.00   -381395.18   353005.90      305.35        7.08     0.63767     650.4s
    10500     1     1050.00   -381309.63   353005.90      315.71       -0.96     0.63767     656.8s
    10600     1     1060.00   -381168.79   353005.90      318.93       -6.60     0.63767     663.2s
    10700     1     1070.00   -381160.40   353005.90      323.66       22.53     0.63767     669.6s
    10800     1     1080.00   -380758.28   353005.90      324.25       65.53     0.63767     675.9s
    10900     1     1090.00   -380909.86   353005.90      345.37       28.34     0.63767     682.1s
    11000     1     1100.00   -380789.41   353005.90      346.46       37.73     0.63767     688.6s
    11100     1     1110.00   -380915.37   353005.90      356.44       43.31     0.63767     694.8s
    11200     1     1120.00   -380970.04   353005.90      358.35       20.73     0.63767     701.1s
    11300     1     1130.00   -380995.02   353005.90      375.52       32.90     0.63767     707.3s
    11400     1     1140.00   -380867.86   353005.90      373.14       39.13     0.63767     713.6s
    11500     1     1150.00   -381031.74   353005.90      388.98        8.95     0.63767     719.9s
    11600     1     1160.00   -380966.88   353005.90      390.61       17.06     0.63767     726.1s
    11700     1     1170.00   -381247.61   353005.90      391.47      -18.81     0.63767     732.4s
    11800     1     1180.00   -381143.73   353005.90      388.11       56.91     0.63767     738.5s
    11900     1     1190.00   -380986.90   353005.90      392.31       -4.21     0.63767     744.8s
    12000     1     1200.00   -381309.38   353005.90      400.87       23.46     0.63767     751.2s
    12100     1     1210.00   -381134.79   353005.90      396.98       40.26     0.63767     757.4s
    12200     1     1220.00   -381316.88   353005.90      392.48       36.29     0.63767     763.7s
    12300     1     1230.00   -381147.35   353005.90      387.01      -15.35     0.63767     769.9s
    12400     1     1240.00   -381321.16   353005.90      385.08      -29.37     0.63767     776.2s
    12500     1     1250.00   -381482.56   353005.90      391.13      -28.08     0.63767     782.4s
    12600     1     1260.00   -381586.11   353005.90      390.38        1.71     0.63767     788.6s
    12700     1     1270.00   -381500.45   353005.90      384.53       36.84     0.63767     794.8s
    12800     1     1280.00   -381446.80   353005.90      376.24       32.11     0.63767     801.1s
    12900     1     1290.00   -381430.10   353005.90      373.44      -10.55     0.63767     807.3s
    13000     1     1300.00   -381095.45   353005.90      373.11       -7.26     0.63767     813.7s
    13100     1     1310.00   -381363.61   353005.90      372.78       38.02     0.63767     820.1s
    13200     1     1320.00   -381228.80   353005.90      373.09       48.52     0.63767     826.3s
    13300     1     1330.00   -381243.03   353005.90      374.11      -14.48     0.63767     832.5s
    13400     1     1340.00   -381322.69   353005.90      367.50      -22.40     0.63767     838.8s
    13500     1     1350.00   -381224.28   353005.90      365.37      -32.47     0.63767     845.1s
    13600     1     1360.00   -381156.32   353005.90      369.67       -3.83     0.63767     851.4s
    13700     1     1370.00   -380961.02   353005.90      374.68      -16.15     0.63767     857.6s
    13800     1     1380.00   -380904.87   353005.90      372.36       53.82     0.63767     863.9s
    13900     1     1390.00   -380884.68   353005.90      375.99        4.70     0.63767     870.3s
    14000     1     1400.00   -380810.45   353005.90      378.20      -33.81     0.63767     876.6s
    14100     1     1410.00   -381139.93   353005.90      384.33      -30.31     0.63767     882.9s
    14200     1     1420.00   -381015.30   353005.90      378.64      -44.34     0.63767     889.1s
    14300     1     1430.00   -380745.26   353005.90      380.56      -56.23     0.63767     895.4s
    14400     1     1440.00   -380884.82   353005.90      382.02      -68.75     0.63767     901.6s
    14500     1     1450.00   -380597.44   353005.90      389.59      -57.23     0.63767     908.0s
    14600     1     1460.00   -380934.72   353005.90      388.16      -36.09     0.63767     914.3s
    14700     1     1470.00   -380849.88   353005.90      381.25      -44.55     0.63767     920.5s
    14800     1     1480.00   -380408.44   353005.90      379.00      -64.93     0.63767     926.8s
    14900     1     1490.00   -380684.22   353005.90      385.46      -46.77     0.63767     933.1s
    15000     1     1500.00   -380653.61   353005.90      385.77      -64.78     0.63767     939.5s
    15100     1     1510.00   -380681.86   353005.90      393.73      -28.43     0.63767     945.7s
    15200     1     1520.00   -380473.52   353005.90      393.59      -21.04     0.63767     951.9s
    15300     1     1530.00   -380153.79   353005.90      396.82      -29.63     0.63767     958.0s
    15400     1     1540.00   -380363.65   353005.90      393.87      -27.37     0.63767     964.4s
    15500     1     1550.00   -380351.56   353005.90      391.08      -24.58     0.63767     970.6s
    15600     1     1560.00   -380295.15   353005.90      399.49      -60.89     0.63767     976.7s
    15700     1     1570.00   -380004.32   353005.90      391.18      -63.10     0.63767     982.8s
    15800     1     1580.00   -380395.80   353005.90      402.42      -69.56     0.63767     988.9s
    15900     1     1590.00   -380331.29   353005.90      398.39     -113.34     0.63767     995.0s
    16000     1     1600.00   -380256.51   353005.90      399.32      -84.43     0.63767    1001.2s
    16100     1     1610.00   -380493.25   353005.90      399.85      -63.07     0.63767    1007.3s
    16200     1     1620.00   -380194.45   353005.90      396.83      -90.90     0.63767    1013.5s
    16300     1     1630.00   -380216.28   353005.90      401.50      -36.77     0.63767    1019.8s
    16400     1     1640.00   -380066.70   353005.90      403.88      -56.54     0.63767    1026.0s
    16500     1     1650.00   -380062.40   353005.90      403.95      -66.25     0.63767    1032.3s
    16600     1     1660.00   -379856.73   353005.90      399.99      -73.26     0.63767    1038.5s
    16700     1     1670.00   -380042.53   353005.90      401.92      -92.89     0.63767    1044.7s
    16800     1     1680.00   -380012.38   353005.90      396.87      -49.98     0.63767    1050.9s
    16900     1     1690.00   -379864.23   353005.90      398.53      -86.61     0.63767    1057.0s
    17000     1     1700.00   -379733.04   353005.90      403.80      -76.64     0.63767    1063.3s
    17100     1     1710.00   -379888.59   353005.90      399.66      -56.63     0.63767    1069.5s
    17200     1     1720.00   -379798.62   353005.90      407.81      -78.13     0.63767    1075.7s
    17300     1     1730.00   -379574.80   353005.90      406.23      -65.28     0.63767    1082.0s
    17400     1     1740.00   -379843.25   353005.90      408.23      -83.85     0.63767    1088.2s
    17500     1     1750.00   -379425.90   353005.90      409.44      -98.47     0.63767    1094.4s
    17600     1     1760.00   -379547.49   353005.90      408.51     -115.64     0.63767    1100.6s
    17700     1     1770.00   -379384.25   353005.90      401.05      -98.64     0.63767    1106.9s
    17800     1     1780.00   -379269.61   353005.90      409.89      -79.14     0.63767    1113.2s
    17900     1     1790.00   -379259.05   353005.90      405.98     -105.97     0.63767    1119.4s
    18000     1     1800.00   -379389.66   353005.90      412.94     -113.97     0.63767    1125.6s
    18100     1     1810.00   -379174.50   353005.90      414.05      -66.75     0.63767    1131.6s
    18200     1     1820.00   -379106.27   353005.90      418.31      -85.97     0.63767    1137.7s
    18300     1     1830.00   -379121.00   353005.90      422.17     -109.62     0.63767    1143.8s
    18400     1     1840.00   -379099.29   353005.90      421.29      -94.06     0.63767    1150.0s
    18500     1     1850.00   -379056.69   353005.90      430.64     -100.05     0.63767    1156.1s
    18600     1     1860.00   -378924.65   353005.90      435.94     -105.92     0.63767    1162.2s
    18700     1     1870.00   -379094.35   353005.90      441.92     -103.46     0.63767    1168.3s
    18800     1     1880.00   -378853.64   353005.90      435.31     -182.78     0.63767    1174.6s
    18900     1     1890.00   -378994.41   353005.90      448.31      -66.39     0.63767    1180.8s
    19000     1     1900.00   -378987.93   353005.90      453.09      -96.93     0.63767    1187.1s
    19100     1     1910.00   -378879.62   353005.90      444.19      -95.02     0.63767    1193.4s
    19200     1     1920.00   -378802.37   353005.90      450.21     -109.42     0.63767    1199.6s
    19300     1     1930.00   -378835.75   353005.90      460.33     -133.17     0.63767    1205.9s
    19400     1     1940.00   -379023.47   353005.90      467.39     -155.28     0.63767    1212.1s
    19500     1     1950.00   -378755.33   353005.90      471.25     -120.39     0.63767    1218.4s
    19600     1     1960.00   -378946.49   353005.90      474.20     -144.34     0.63767    1224.5s
    19700     1     1970.00   -378587.01   353005.90      476.26     -158.47     0.63767    1230.7s
    19800     1     1980.00   -378749.89   353005.90      475.46     -150.50     0.63767    1236.8s
    19900     1     1990.00   -378830.52   353005.90      473.18      -79.72     0.63767    1243.1s
    20000     1     2000.00   -378606.59   353005.90      469.71     -100.03     0.63767    1249.4s
    20100     1     2010.00   -378594.35   353005.90      474.63     -141.47     0.63767    1255.4s
    20200     1     2020.00   -378538.79   353005.90      468.33     -181.03     0.63767    1261.5s
    20300     1     2030.00   -378940.17   353005.90      480.53     -121.32     0.63767    1267.5s
    20400     1     2040.00   -378619.87   353005.90      470.39     -234.22     0.63767    1273.5s
    20500     1     2050.00   -378505.99   353005.90      475.44     -185.39     0.63767    1279.7s
    20600     1     2060.00   -378506.96   353005.90      475.90     -224.46     0.63767    1285.6s
    20700     1     2070.00   -378590.55   353005.90      478.75     -176.95     0.63767    1291.6s
    20800     1     2080.00   -378655.67   353005.90      480.79     -166.56     0.63767    1297.6s
    20900     1     2090.00   -378526.41   353005.90      475.17     -150.95     0.63767    1303.6s
    21000     1     2100.00   -378381.67   353005.90      471.62     -143.87     0.63767    1309.6s
    21100     1     2110.00   -378580.86   353005.90      473.28     -167.60     0.63767    1315.7s
    21200     1     2120.00   -378246.53   353005.90      472.90     -186.19     0.63767    1321.6s
    21300     1     2130.00   -378319.22   353005.90      466.87     -214.16     0.63767    1327.5s
    21400     1     2140.00   -378316.43   353005.90      468.25     -196.69     0.63767    1333.3s
    21500     1     2150.00   -378231.39   353005.90      475.10     -147.69     0.63767    1339.2s
    21600     1     2160.00   -378103.39   353005.90      461.16     -165.29     0.63767    1345.2s
    21700     1     2170.00   -377888.90   353005.90      458.71     -156.05     0.63767    1350.9s
    21800     1     2180.00   -377544.34   353005.90      469.68     -173.51     0.63767    1356.7s
    21900     1     2190.00   -377826.32   353005.90      478.22     -175.32     0.63767    1362.5s
    22000     1     2200.00   -377697.45   353005.90      476.17     -175.59     0.63767    1368.4s
    22100     1     2210.00   -376546.34   353005.90      480.47     -170.38     0.63767    1374.3s
    22200     1     2220.00   -374112.13   353005.90      481.72     -181.47     0.63767    1380.2s
    22300     1     2230.00   -370522.88   353005.90      473.91     -180.14     0.63767    1386.3s
    22400     1     2240.00   -366774.07   353005.90      456.78     -127.00     0.63767    1392.1s
    22500     1     2250.00   -364276.08   353005.90      465.48     -110.31     0.63767    1398.0s
    22600     1     2260.00   -362154.43   353005.90      468.86      -65.00     0.63767    1403.7s
    22700     1     2270.00   -360500.12   353005.90      484.86      -98.64     0.63767    1409.6s
    22800     1     2280.00   -358952.20   353005.90      505.22      -57.51     0.63767    1415.5s
    22900     1     2290.00   -357122.95   353005.90      514.15      -30.19     0.63767    1421.5s
    23000     1     2300.00   -355925.96   353005.90      513.42     -107.53     0.63767    1427.8s
    23100     1     2310.00   -354918.47   353005.90      518.27      -12.23     0.63767    1433.8s
    23200     1     2320.00   -353716.98   353005.90      495.60      -35.89     0.63767    1439.9s
    23300     1     2330.00   -354244.38   353005.90      488.14        7.68     0.63767    1446.1s
    23400     1     2340.00   -357144.66   353005.90      480.66      -78.53     0.63767    1452.2s
    23500     1     2350.00   -360526.83   353005.90      469.37       12.82     0.63767    1458.3s
    23600     1     2360.00   -363687.02   353005.90      478.14       34.86     0.63767    1464.4s
    23700     1     2370.00   -365637.00   353005.90      501.84       33.12     0.63767    1470.5s
    23800     1     2380.00   -364464.69   353005.90      513.63       66.96     0.63767    1476.7s
    23900     1     2390.00   -362343.20   353005.90      512.81       52.80     0.63767    1483.0s
    24000     1     2400.00   -359550.40   353005.90      499.60       96.90     0.63767    1489.3s
    24100     1     2410.00   -357253.51   353005.90      501.09      106.06     0.63767    1495.5s
    24200     1     2420.00   -354249.44   353005.90      498.87      115.32     0.63767    1501.8s
    24300     1     2430.00   -352260.76   353005.90      518.76      106.47     0.63767    1508.1s
    24400     1     2440.00   -351331.26   353005.90      531.62      178.14     0.63767    1514.3s
    24500     1     2450.00   -350065.84   353005.90      551.00      232.37     0.63767    1520.5s
    24600     1     2460.00   -351919.60   353005.90      567.93      188.32     0.63767    1527.0s
    24700     1     2470.00   -354629.47   353005.90      602.48      283.24     0.63767    1533.2s
    24800     1     2480.00   -356505.67   353005.90      632.75      209.33     0.63767    1539.6s
    24900     1     2490.00   -357628.48   353005.90      654.33      257.24     0.63767    1546.0s
    25000     1     2500.00   -357477.34   353005.90      666.84      326.25     0.63767    1552.5s
    25100     1     2510.00   -356385.43   353005.90      677.98      348.41     0.63767    1558.8s
    25200     1     2520.00   -354294.25   353005.90      670.16      305.99     0.63767    1565.2s
    25300     1     2530.00   -352283.62   353005.90      660.78      386.88     0.63767    1571.4s
    25400     1     2540.00   -350759.72   353005.90      652.27      307.87     0.63767    1577.5s
    25500     1     2550.00   -349545.70   353005.90      644.04      345.64     0.63767    1583.7s
    25600     1     2560.00   -348691.28   353005.90      655.11      285.82     0.63767    1589.8s
    25700     1     2570.00   -349400.73   353005.90      655.10      294.75     0.63767    1595.8s
    25800     1     2580.00   -349695.51   353005.90      656.56      292.82     0.63767    1601.9s
    25900     1     2590.00   -350622.74   353005.90      657.22      278.82     0.63767    1608.1s
    26000     1     2600.00   -351859.48   353005.90      689.43      293.72     0.63767    1614.4s
    26100     1     2610.00   -353740.57   353005.90      711.80      314.05     0.63767    1620.6s
    26200     1     2620.00   -354840.01   353005.90      724.80      288.73     0.63767    1626.9s
    26300     1     2630.00   -355523.18   353005.90      732.34      366.80     0.63767    1633.2s
    26400     1     2640.00   -355767.41   353005.90      748.12      230.04     0.63767    1639.5s
    26500     1     2650.00   -356536.24   353005.90      796.09      349.89     0.63767    1645.6s
    26600     1     2660.00   -357054.79   353005.90      819.18      325.53     0.63767    1651.8s
    26700     1     2670.00   -356827.25   353005.90      827.03      312.60     0.63767    1658.0s
    26800     1     2680.00   -357057.69   353005.90      849.64      248.89     0.63767    1664.2s
    26900     1     2690.00   -357047.34   353005.90      866.65      355.70     0.63767    1670.5s
    27000     1     2700.00   -356500.87   353005.90      883.67      309.43     0.63767    1676.9s
    27100     1     2710.00   -355238.20   353005.90      907.34      288.25     0.63767    1683.1s
    27200     1     2720.00   -354147.41   353005.90      893.72      440.79     0.63767    1689.4s
    27300     1     2730.00   -352644.67   353005.90      892.75      352.66     0.63767    1695.6s
    27400     1     2740.00   -351429.61   353005.90      893.77      355.45     0.63767    1701.9s
    27500     1     2750.00   -349689.55   353005.90      900.33      358.57     0.63767    1708.1s
    27600     1     2760.00   -348834.22   353005.90      888.77      315.73     0.63767    1714.3s
    27700     1     2770.00   -346831.78   353005.90      893.14      298.27     0.63767    1720.5s
    27800     1     2780.00   -347588.32   353005.90      907.33      270.51     0.63767    1726.6s
    27900     1     2790.00   -348188.18   353005.90      916.66      278.10     0.63767    1732.8s
    28000     1     2800.00   -348233.87   353005.90      919.64      270.87     0.63767    1739.0s
    28100     1     2810.00   -348804.98   353005.90      929.57      271.92     0.63767    1745.0s
    28200     1     2820.00   -349429.53   353005.90      960.53      250.37     0.63767    1750.9s
    28300     1     2830.00   -348502.44   353005.90      964.59      173.06     0.63767    1757.0s
    28400     1     2840.00   -348433.39   353005.90      974.66      195.77     0.63767    1762.9s
    28500     1     2850.00   -347913.74   353005.90      970.35      132.51     0.63767    1768.9s
    28600     1     2860.00   -347473.76   353005.90      992.10      114.06     0.63767    1774.8s
    28700     1     2870.00   -347385.19   353005.90      998.94      129.04     0.63767    1780.7s
    28800     1     2880.00   -346063.01   353005.90      983.30       97.66     0.63767    1786.5s
    28900     1     2890.00   -345374.06   353005.90      989.93       73.83     0.63767    1792.4s
    29000     1     2900.00   -344455.78   353005.90      993.33       95.76     0.63767    1798.3s
    29100     1     2910.00   -344009.39   353005.90      996.26      101.55     0.63767    1804.1s
    29200     1     2920.00   -344403.47   353005.90     1000.94      123.20     0.63767    1809.9s
    29300     1     2930.00   -345129.55   353005.90     1015.41       32.84     0.63767    1815.5s
    29400     1     2940.00   -345794.50   353005.90     1018.08       -6.35     0.63767    1821.2s
    29500     1     2950.00   -346028.89   353005.90     1035.64      -27.42     0.63767    1826.9s
    29600     1     2960.00   -347207.08   353005.90     1033.29       90.19     0.63767    1832.5s
    29700     1     2970.00   -347659.04   353005.90     1034.92      -59.41     0.63767    1838.1s
    29800     1     2980.00   -348077.97   353005.90     1033.87      -60.14     0.63767    1843.7s
    29900     1     2990.00   -347974.46   353005.90     1025.28        7.14     0.63767    1849.3s
    30000     1     3000.00   -348575.29   353005.90     1037.40     -103.94     0.63767    1855.1s
    30100     1     3010.00   -348227.88   353005.90     1033.38      -69.86     0.63767    1860.6s
    30200     1     3020.00   -347600.14   353005.90     1049.14     -102.85     0.63767    1866.1s
    30300     1     3030.00   -347062.99   353005.90     1048.73      -50.12     0.63767    1871.6s
    30400     1     3040.00   -346403.42   353005.90     1052.80     -180.84     0.63767    1877.1s
    30500     1     3050.00   -345845.18   353005.90     1077.19     -169.55     0.63767    1882.6s
    30600     1     3060.00   -345563.12   353005.90     1075.43     -146.86     0.63767    1887.9s
    30700     1     3070.00   -344846.94   353005.90     1097.51     -141.50     0.63767    1893.3s
    30800     1     3080.00   -345422.77   353005.90     1122.81      -93.40     0.63767    1898.6s
    30900     1     3090.00   -345472.14   353005.90     1149.00      -80.29     0.63767    1904.0s
    31000     1     3100.00   -346286.54   353005.90     1168.65     -119.61     0.63767    1909.5s
    31100     1     3110.00   -345895.92   353005.90     1171.58     -119.23     0.63767    1914.9s
    31200     1     3120.00   -346046.40   353005.90     1195.54     -103.33     0.63767    1920.2s
    31300     1     3130.00   -346615.15   353005.90     1218.37      -31.93     0.63767    1925.5s
    31400     1     3140.00   -346949.98   353005.90     1223.53     -181.22     0.63767    1930.8s
    31500     1     3150.00   -347528.43   353005.90     1228.52     -117.17     0.63767    1936.0s
    31600     1     3160.00   -347884.24   353005.90     1252.14      -73.30     0.63767    1941.4s
    31700     1     3170.00   -348613.58   353005.90     1288.71     -147.55     0.63767    1946.6s
    31800     1     3180.00   -348639.28   353005.90     1287.17        0.67     0.63767    1951.9s
    31900     1     3190.00   -349942.77   353005.90     1317.13      -68.88     0.63767    1957.1s
    32000     1     3200.00   -350410.09   353005.90     1318.99      -12.56     0.63767    1962.4s
    32100     1     3210.00   -350989.51   353005.90     1326.01       -3.31     0.63767    1967.6s
    32200     1     3220.00   -351506.55   353005.90     1333.77      -44.73     0.63767    1972.8s
    32300     1     3230.00   -351191.16   353005.90     1334.36      -14.39     0.63767    1978.0s
    32400     1     3240.00   -351012.38   353005.90     1333.54      -67.84     0.63767    1983.1s
    32500     1     3250.00   -351313.01   353005.90     1324.62      -52.34     0.63767    1988.2s
    32600     1     3260.00   -351834.54   353005.90     1304.67      -85.14     0.63767    1993.3s
    32700     1     3270.00   -352498.63   353005.90     1299.10     -166.96     0.63767    1998.5s
    32800     1     3280.00   -352712.67   353005.90     1282.35     -139.90     0.63767    2003.6s
    32900     1     3290.00   -352745.35   353005.90     1283.62     -226.33     0.63767    2008.7s
    33000     1     3300.00   -353361.90   353005.90     1297.31     -116.04     0.63767    2013.9s
    33100     1     3310.00   -353537.37   353005.90     1305.05     -120.30     0.63767    2018.9s
    33200     1     3320.00   -353812.35   353005.90     1309.78     -145.30     0.63767    2024.0s
    33300     1     3330.00   -353641.32   353005.90     1297.47     -193.21     0.63767    2029.0s
    33400     1     3340.00   -354319.23   353005.90     1296.34     -148.36     0.63767    2033.9s
    33500     1     3350.00   -354269.21   353005.90     1287.65     -154.20     0.63767    2038.9s
    33600     1     3360.00   -354146.81   353005.90     1286.70     -226.72     0.63767    2043.8s
    33700     1     3370.00   -354276.23   353005.90     1274.53     -254.94     0.63767    2048.8s
    33800     1     3380.00   -354748.42   353005.90     1265.82     -158.06     0.63767    2053.7s
    33900     1     3390.00   -354517.47   353005.90     1267.53     -213.72     0.63767    2058.6s
    34000     1     3400.00   -354618.88   353005.90     1271.38     -245.29     0.63767    2063.7s
    34100     1     3410.00   -354583.67   353005.90     1271.27     -243.08     0.63767    2068.5s
    34200     1     3420.00   -355532.72   353005.90     1259.90     -205.73     0.63767    2073.5s
    34300     1     3430.00   -355386.35   353005.90     1251.26     -248.82     0.63767    2078.5s
    34400     1     3440.00   -356401.26   353005.90     1242.62     -314.40     0.63767    2083.4s
    34500     1     3450.00   -355523.35   353005.90     1239.47     -216.50     0.63767    2088.4s
    34600     1     3460.00   -355893.17   353005.90     1233.30     -293.86     0.63767    2093.4s
    34700     1     3470.00   -356693.01   353005.90     1220.01     -312.25     0.63767    2098.3s
    34800     1     3480.00   -356685.56   353005.90     1214.54     -266.04     0.63767    2103.2s
    34900     1     3490.00   -355685.27   353005.90     1196.98     -293.68     0.63767    2108.1s
    35000     1     3500.00   -356125.60   353005.90     1188.36     -305.23     0.63767    2113.1s
    35100     1     3510.00   -356277.69   353005.90     1194.15     -324.95     0.63767    2117.9s
    35200     1     3520.00   -355913.66   353005.90     1193.84     -292.78     0.63767    2122.7s
    35300     1     3530.00   -356045.60   353005.90     1204.33     -331.00     0.63767    2127.5s
    35400     1     3540.00   -356572.56   353005.90     1188.76     -317.82     0.63767    2132.3s
    35500     1     3550.00   -356604.75   353005.90     1176.61     -316.82     0.63767    2137.1s
    35600     1     3560.00   -357114.72   353005.90     1173.58     -334.26     0.63767    2141.8s
    35700     1     3570.00   -357193.01   353005.90     1177.77     -517.69     0.63767    2146.5s
    35800     1     3580.00   -356438.54   353005.90     1176.48     -444.49     0.63767    2151.2s
    35900     1     3590.00   -356542.89   353005.90     1161.06     -442.06     0.63767    2156.0s
    36000     1     3600.00   -356516.09   353005.90     1162.29     -405.39     0.63767    2160.9s
    36100     1     3610.00   -356177.54   353005.90     1167.17     -482.09     0.63767    2165.5s
    36200     1     3620.00   -355528.33   353005.90     1163.68     -447.20     0.63767    2170.2s
    36300     1     3630.00   -355363.10   353005.90     1168.35     -461.16     0.63767    2174.8s
    36400     1     3640.00   -355806.63   353005.90     1177.70     -433.74     0.63767    2179.5s
    36500     1     3650.00   -355953.01   353005.90     1172.98     -431.98     0.63767    2184.1s
    36600     1     3660.00   -355117.96   353005.90     1168.41     -411.43     0.63767    2188.6s
    36700     1     3670.00   -355038.06   353005.90     1173.16     -428.30     0.63767    2193.2s
    36800     1     3680.00   -354854.47   353005.90     1176.62     -461.20     0.63767    2197.7s
    36900     1     3690.00   -355281.05   353005.90     1172.99     -331.03     0.63767    2202.4s
    37000     1     3700.00   -355540.94   353005.90     1177.51     -389.83     0.63767    2207.1s
    37100     1     3710.00   -355676.31   353005.90     1171.86     -464.67     0.63767    2211.6s
    37200     1     3720.00   -356315.67   353005.90     1174.69     -428.38     0.63767    2216.1s
    37300     1     3730.00   -357004.43   353005.90     1178.21     -454.79     0.63767    2220.6s
    37400     1     3740.00   -356931.82   353005.90     1176.59     -453.73     0.63767    2225.2s
    37500     1     3750.00   -356394.85   353005.90     1176.57     -435.82     0.63767    2229.7s
    37600     1     3760.00   -356967.21   353005.90     1165.99     -368.81     0.63767    2234.2s
    37700     1     3770.00   -357158.44   353005.90     1172.04     -386.16     0.63767    2238.6s
    37800     1     3780.00   -357010.23   353005.90     1169.56     -452.86     0.63767    2243.1s
    37900     1     3790.00   -356811.42   353005.90     1165.80     -437.39     0.63767    2247.6s
    38000     1     3800.00   -357387.02   353005.90     1147.83     -450.87     0.63767    2252.1s
    38100     1     3810.00   -357498.23   353005.90     1144.67     -411.37     0.63767    2256.5s
    38200     1     3820.00   -357159.03   353005.90     1130.70     -394.59     0.63767    2260.9s
    38300     1     3830.00   -357112.00   353005.90     1138.66     -466.98     0.63767    2265.4s
    38400     1     3840.00   -356920.01   353005.90     1138.83     -374.95     0.63767    2269.8s
    38500     1     3850.00   -356742.17   353005.90     1122.66     -446.57     0.63767    2274.3s
    38600     1     3860.00   -357163.77   353005.90     1125.53     -401.63     0.63767    2278.7s
    38700     1     3870.00   -357125.61   353005.90     1118.26     -521.45     0.63767    2283.0s
    38800     1     3880.00   -357619.59   353005.90     1108.31     -434.06     0.63767    2287.4s
    38900     1     3890.00   -357399.06   353005.90     1096.58     -472.06     0.63767    2291.8s
    39000     1     3900.00   -357414.21   353005.90     1089.69     -453.06     0.63767    2296.3s
    39100     1     3910.00   -357125.01   353005.90     1086.66     -505.25     0.63767    2300.7s
    39200     1     3920.00   -357268.88   353005.90     1088.41     -465.60     0.63767    2305.0s
    39300     1     3930.00   -357629.56   353005.90     1084.88     -483.61     0.63767    2309.3s
    39400     1     3940.00   -357830.79   353005.90     1085.37     -470.27     0.63767    2313.6s
    39500     1     3950.00   -357099.54   353005.90     1081.97     -489.65     0.63767    2317.8s
    39600     1     3960.00   -357036.55   353005.90     1083.11     -440.28     0.63767    2322.1s
    39700     1     3970.00   -356878.04   353005.90     1087.60     -498.90     0.63767    2326.3s
    39800     1     3980.00   -357177.34   353005.90     1089.39     -508.14     0.63767    2330.6s
    39900     1     3990.00   -356816.15   353005.90     1094.17     -476.85     0.63767    2334.8s
    40000     1     4000.00   -356900.80   353005.90     1105.97     -552.14     0.63767    2339.1s
    40100     1     4010.00   -356640.58   353005.90     1098.74     -511.65     0.63767    2343.3s
    40200     1     4020.00   -356407.58   353005.90     1096.61     -460.03     0.63767    2347.5s
    40300     1     4030.00   -356439.57   353005.90     1102.05     -529.71     0.63767    2351.6s
    40400     1     4040.00   -356228.78   353005.90     1109.68     -548.08     0.63767    2355.7s
    40500     1     4050.00   -355948.97   353005.90     1104.16     -537.78     0.63767    2359.8s
    40600     1     4060.00   -355907.17   353005.90     1111.05     -590.06     0.63767    2363.9s
    40700     1     4070.00   -356237.60   353005.90     1115.45     -541.92     0.63767    2368.1s
    40800     1     4080.00   -355741.82   353005.90     1110.83     -632.36     0.63767    2372.3s
    40900     1     4090.00   -355642.57   353005.90     1113.57     -580.65     0.63767    2376.4s
    41000     1     4100.00   -355259.70   353005.90     1110.73     -584.45     0.63767    2380.7s
    41100     1     4110.00   -355359.32   353005.90     1114.04     -552.39     0.63767    2384.9s
    41200     1     4120.00   -354884.54   353005.90     1119.97     -596.91     0.63767    2389.0s
    41300     1     4130.00   -355170.02   353005.90     1132.29     -640.43     0.63767    2393.0s
    41400     1     4140.00   -355148.27   353005.90     1132.41     -562.56     0.63767    2397.1s
    41500     1     4150.00   -355598.84   353005.90     1129.53     -578.26     0.63767    2401.2s
    41600     1     4160.00   -355685.33   353005.90     1130.56     -609.73     0.63767    2405.3s
    41700     1     4170.00   -355797.30   353005.90     1134.22     -564.26     0.63767    2409.4s
    41800     1     4180.00   -356011.59   353005.90     1143.15     -540.55     0.63767    2413.4s
    41900     1     4190.00   -356340.18   353005.90     1144.32     -581.24     0.63767    2417.5s
    42000     1     4200.00   -356482.99   353005.90     1129.17     -552.78     0.63767    2421.7s
    42100     1     4210.00   -356893.17   353005.90     1117.17     -542.57     0.63767    2425.8s
    42200     1     4220.00   -357116.36   353005.90     1105.34     -600.56     0.63767    2430.6s
    42300     1     4230.00   -357714.79   353005.90     1093.76     -543.39     0.63767    2434.6s
    42400     1     4240.00   -357982.06   353005.90     1080.66     -566.29     0.63767    2438.7s
    42500     1     4250.00   -358087.04   353005.90     1085.32     -557.32     0.63767    2442.7s
    42600     1     4260.00   -357699.17   353005.90     1069.93     -550.91     0.63767    2446.7s
    42700     1     4270.00   -357410.70   353005.90     1064.29     -620.26     0.63767    2450.7s
    42800     1     4280.00   -357951.84   353005.90     1043.11     -605.98     0.63767    2454.7s
    42900     1     4290.00   -357981.10   353005.90     1036.37     -555.47     0.63767    2458.7s
    43000     1     4300.00   -357862.29   353005.90     1036.81     -538.89     0.63767    2462.9s
    43100     1     4310.00   -357894.66   353005.90     1034.83     -526.34     0.63767    2466.9s
    43200     1     4320.00   -357929.58   353005.90     1028.84     -549.50     0.63767    2470.9s
    43300     1     4330.00   -357861.91   353005.90     1013.69     -489.31     0.63767    2474.9s
    43400     1     4340.00   -357882.31   353005.90     1004.49     -589.52     0.63767    2478.9s
    43500     1     4350.00   -357747.71   353005.90      987.58     -510.35     0.63767    2482.9s
    43600     1     4360.00   -358385.53   353005.90      983.61     -472.86     0.63767    2486.9s
    43700     1     4370.00   -358278.63   353005.90      971.25     -477.89     0.63767    2490.9s
    43800     1     4380.00   -358009.69   353005.90      960.21     -557.23     0.63767    2494.8s
    43900     1     4390.00   -357690.66   353005.90      956.29     -570.84     0.63767    2498.8s
    44000     1     4400.00   -357764.80   353005.90      955.37     -603.39     0.63767    2502.9s
    44100     2     4410.00   -357727.76   353005.90      956.79     -612.96     0.63767    2506.8s
    44200     2     4420.00   -357601.73   353005.90      956.85     -542.05     0.63767    2511.0s
    44300     2     4430.00   -358162.96   353005.90      949.88     -548.70     0.63767    2515.0s
    44400     2     4440.00   -357792.94   353005.90      948.31     -571.01     0.63767    2519.0s
    44500     2     4450.00   -357718.66   353005.90      958.55     -585.89     0.63767    2522.9s
    44600     2     4460.00   -357842.72   353005.90      963.93     -560.48     0.63767    2526.9s
    44700     2     4470.00   -357935.14   353005.90      963.79     -528.68     0.63767    2531.0s
    44800     2     4480.00   -357980.35   353005.90      959.39     -512.11     0.63767    2534.9s
    44900     2     4490.00   -358498.86   353005.90      954.98     -504.55     0.63767    2538.9s
    45000     2     4500.00   -358720.95   353005.90      943.55     -565.85     0.63767    2543.0s
    45100     2     4510.00   -359077.27   353005.90      941.82     -552.04     0.63767    2547.1s
    45200     2     4520.00   -358924.97   353005.90      928.17     -546.15     0.63767    2551.0s
    45300     2     4530.00   -358723.14   353005.90      920.11     -463.54     0.63767    2555.0s
    45400     2     4540.00   -359001.49   353005.90      914.22     -474.42     0.63767    2559.0s
    45500     2     4550.00   -359022.32   353005.90      917.87     -547.56     0.63767    2563.0s
    45600     2     4560.00   -359155.19   353005.90      905.66     -550.27     0.63767    2567.1s
    45700     3     4570.00   -359333.24   353005.90      912.68     -467.76     0.63767    2571.1s
    45800     3     4580.00   -359394.49   353005.90      916.10     -441.05     0.63767    2575.1s
    45900     3     4590.00   -359397.39   353005.90      920.51     -458.98     0.63767    2579.1s
    46000     3     4600.00   -359775.33   353005.90      912.57     -443.62     0.63767    2583.3s
    46100     3     4610.00   -359689.32   353005.90      901.19     -468.72     0.63767    2587.2s
    46200     3     4620.00   -359426.48   353005.90      895.70     -470.81     0.63767    2591.2s
    46300     3     4630.00   -359607.13   353005.90      893.75     -461.46     0.63767    2595.2s
    46400     3     4640.00   -359646.17   353005.90      889.60     -476.45     0.63767    2599.2s
    46500     3     4650.00   -359652.12   353005.90      887.99     -501.28     0.63767    2603.3s
    46600     4     4660.00   -359962.98   353005.90      898.03     -503.60     0.63767    2607.3s
    46700     4     4670.00   -360277.23   353005.90      891.93     -506.30     0.63767    2611.3s
    46800     4     4680.00   -359843.86   353005.90      888.41     -508.22     0.63767    2615.4s
    46900     4     4690.00   -359949.70   353005.90      887.74     -443.12     0.63767    2619.5s
    47000     4     4700.00   -360247.22   353005.90      892.59     -419.45     0.63767    2623.7s
    47100     4     4710.00   -360224.30   353005.90      890.31     -461.11     0.63767    2627.7s
    47200     4     4720.00   -360011.09   353005.90      885.17     -465.12     0.63767    2631.7s
    47300     4     4730.00   -360166.85   353005.90      876.31     -392.80     0.63767    2635.7s
    47400     4     4740.00   -360180.39   353005.90      870.39     -392.94     0.63767    2639.7s
    47500     4     4750.00   -360269.76   353005.90      875.43     -368.06     0.63767    2643.8s
    47600     4     4760.00   -360448.83   353005.90      880.76     -311.01     0.63767    2647.9s
    47700     4     4770.00   -360158.66   353005.90      882.83     -383.86     0.63767    2652.0s
    47800     4     4780.00   -360042.99   353005.90      883.81     -337.77     0.63767    2656.0s
    47900     4     4790.00   -360468.66   353005.90      879.64     -303.99     0.63767    2660.1s
    48000     4     4800.00   -360209.52   353005.90      875.96     -402.16     0.63767    2664.2s
    48100     4     4810.00   -360456.39   353005.90      879.24     -340.37     0.63767    2668.3s
    48200     4     4820.00   -360693.69   353005.90      871.13     -337.41     0.63767    2672.3s
    48300     4     4830.00   -360456.57   353005.90      869.27     -358.11     0.63767    2676.3s
    48400     4     4840.00   -360300.30   353005.90      875.29     -297.95     0.63767    2680.4s
    48500     4     4850.00   -360083.49   353005.90      871.18     -339.22     0.63767    2684.4s
    48600     5     4860.00   -361169.41   353005.90      877.53     -387.60     0.63767    2688.5s
    48700     5     4870.00   -361029.00   353005.90      871.81     -439.45     0.63767    2692.5s
    48800     5     4880.00   -360863.55   353005.90      864.76     -446.87     0.63767    2696.6s
    48900     5     4890.00   -360973.42   353005.90      862.61     -333.42     0.63767    2700.6s
    49000     5     4900.00   -361500.25   353005.90      863.93     -315.37     0.63767    2704.9s
    49100     5     4910.00   -361362.05   353005.90      858.96     -370.97     0.63767    2709.0s
    49200     5     4920.00   -361189.76   353005.90      848.85     -321.07     0.63767    2713.0s
    49300     5     4930.00   -361549.30   353005.90      854.95     -276.97     0.63767    2717.1s
    49400     5     4940.00   -361275.74   353005.90      857.35     -300.12     0.63767    2721.2s
    49500     5     4950.00   -361156.05   353005.90      858.89     -320.52     0.63767    2725.3s
    49600     5     4960.00   -361420.63   353005.90      855.71     -329.23     0.63767    2729.4s
    49700     5     4970.00   -361901.58   353005.90      862.07     -265.09     0.63767    2733.4s
    49800     5     4980.00   -362071.60   353005.90      850.31     -287.83     0.63767    2737.5s
    49900     5     4990.00   -361860.24   353005.90      838.47     -242.15     0.63767    2741.6s
    50000     5     5000.00   -361829.28   353005.90      830.74     -302.89     0.63767    2745.8s
