    Iter.     a             b          c            px(GPa)     py(GPa)      pz(GPa)       pset(GPa)  Volume 
       0    63.844400    55.291600   100.000000    -0.095816    -0.050053    -0.076109     0.000000    353005.90
     100    63.844400    55.291600   100.000000     0.056579    -0.012121     0.092830     0.000000    353005.90
     200    63.844400    55.291600   100.000000     0.054359     0.027703     0.166763     0.000000    353005.90
     300    63.844400    55.291600   100.000000    -0.001755     0.080135     0.154222     0.000000    353005.90
     400    63.844400    55.291600   100.000000     0.034972     0.042439     0.175988     0.000000    353005.90
     500    63.844400    55.291600   100.000000     0.027820     0.013258     0.249584     0.000000    353005.90
     600    63.844400    55.291600   100.000000    -0.004958    -0.002768     0.348980     0.000000    353005.90
     700    63.844400    55.291600   100.000000    -0.086319    -0.012769     0.363771     0.000000    353005.90
     800    63.844400    55.291600   100.000000    -0.041076     0.005922     0.339275     0.000000    353005.90
     900    63.844400    55.291600   100.000000    -0.059981    -0.111139     0.297220     0.000000    353005.90
    1000    63.844400    55.291600   100.000000    -0.122163    -0.113990     0.309169     0.000000    353005.90
    1100    63.844400    55.291600   100.000000    -0.078220    -0.074087     0.424419     0.000000    353005.90
    1200    63.844400    55.291600   100.000000    -0.131799    -0.109749     0.346341     0.000000    353005.90
    1300    63.844400    55.291600   100.000000    -0.068229    -0.088251     0.280420     0.000000    353005.90
    1400    63.844400    55.291600   100.000000    -0.033615    -0.101281     0.264505     0.000000    353005.90
    1500    63.844400    55.291600   100.000000    -0.040484    -0.065376     0.302713     0.000000    353005.90
    1600    63.844400    55.291600   100.000000    -0.139295    -0.134877     0.271282     0.000000    353005.90
    1700    63.844400    55.291600   100.000000    -0.098897    -0.109462     0.238299     0.000000    353005.90
    1800    63.844400    55.291600   100.000000    -0.065234    -0.083941     0.151876     0.000000    353005.90
    1900    63.844400    55.291600   100.000000    -0.013395    -0.025608     0.172577     0.000000    353005.90
    2000    63.844400    55.291600   100.000000    -0.043519    -0.045820     0.168408     0.000000    353005.90
    2100    63.844400    55.291600   100.000000    -0.069266    -0.067502     0.161975     0.000000    353005.90
    2200    63.844400    55.291600   100.000000    -0.023477    -0.030467     0.100123     0.000000    353005.90
    2300    63.844400    55.291600   100.000000    -0.005446    -0.034205     0.003597     0.000000    353005.90
    2400    63.844400    55.291600   100.000000    -0.007861    -0.032809    -0.026615     0.000000    353005.90
    2500    63.844400    55.291600   100.000000    -0.056500    -0.046909     0.013520     0.000000    353005.90
    2600    63.844400    55.291600   100.000000    -0.052424    -0.057512     0.009103     0.000000    353005.90
    2700    63.844400    55.291600   100.000000    -0.033030    -0.033896    -0.038730     0.000000    353005.90
    2800    63.844400    55.291600   100.000000    -0.005773     0.003365    -0.046283     0.000000    353005.90
    2900    63.844400    55.291600   100.000000    -0.017187    -0.030388    -0.084994     0.000000    353005.90
    3000    63.844400    55.291600   100.000000    -0.030217    -0.028656     0.005345     0.000000    353005.90
    3100    63.844400    55.291600   100.000000    -0.091821    -0.085402     0.011577     0.000000    353005.90
    3200    63.844400    55.291600   100.000000    -0.037277    -0.051575     0.007315     0.000000    353005.90
    3300    63.844400    55.291600   100.000000    -0.034075    -0.023994     0.014111     0.000000    353005.90
    3400    63.844400    55.291600   100.000000    -0.056719    -0.069581     0.047508     0.000000    353005.90
    3500    63.844400    55.291600   100.000000    -0.100871    -0.106632     0.111898     0.000000    353005.90
    3600    63.844400    55.291600   100.000000    -0.125639    -0.143715     0.122064     0.000000    353005.90
    3700    63.844400    55.291600   100.000000    -0.088251    -0.111068     0.128152     0.000000    353005.90
    3800    63.844400    55.291600   100.000000    -0.086265    -0.069716     0.121936     0.000000    353005.90
    3900    63.844400    55.291600   100.000000    -0.116355    -0.079044     0.159737     0.000000    353005.90
    4000    63.844400    55.291600   100.000000    -0.141451    -0.137499     0.193031     0.000000    353005.90
    4100    63.844400    55.291600   100.000000    -0.137505    -0.160871     0.179233     0.000000    353005.90
    4200    63.844400    55.291600   100.000000    -0.101651    -0.099075     0.127936     0.000000    353005.90
    4300    63.844400    55.291600   100.000000    -0.072024    -0.062204     0.116167     0.000000    353005.90
    4400    63.844400    55.291600   100.000000    -0.102400    -0.117059     0.104102     0.000000    353005.90
    4500    63.844400    55.291600   100.000000    -0.117396    -0.141557     0.150578     0.000000    353005.90
    4600    63.844400    55.291600   100.000000    -0.173839    -0.146509     0.075250     0.000000    353005.90
    4700    63.844400    55.291600   100.000000    -0.110983    -0.072759     0.025577     0.000000    353005.90
    4800    63.844400    55.291600   100.000000    -0.059557    -0.061711     0.045076     0.000000    353005.90
    4900    63.844400    55.291600   100.000000    -0.111188    -0.129531     0.063811     0.000000    353005.90
    5000    63.844400    55.291600   100.000000    -0.132116    -0.121828     0.100025     0.000000    353005.90
    5100    63.844400    55.291600   100.000000    -0.119374    -0.080140     0.067467     0.000000    353005.90
    5200    63.844400    55.291600   100.000000    -0.074583    -0.043825     0.025914     0.000000    353005.90
    5300    63.844400    55.291600   100.000000    -0.047021    -0.062582     0.082069     0.000000    353005.90
    5400    63.844400    55.291600   100.000000    -0.085177    -0.076493     0.175366     0.000000    353005.90
    5500    63.844400    55.291600   100.000000    -0.102714    -0.075212     0.156015     0.000000    353005.90
    5600    63.844400    55.291600   100.000000    -0.099489    -0.091343     0.094135     0.000000    353005.90
    5700    63.844400    55.291600   100.000000    -0.034981    -0.077151     0.076783     0.000000    353005.90
    5800    63.844400    55.291600   100.000000    -0.068743    -0.105995     0.111414     0.000000    353005.90
    5900    63.844400    55.291600   100.000000    -0.093137    -0.089480     0.185836     0.000000    353005.90
    6000    63.844400    55.291600   100.000000    -0.107000    -0.092020     0.164619     0.000000    353005.90
    6100    63.844400    55.291600   100.000000    -0.094794    -0.144799     0.054337     0.000000    353005.90
    6200    63.844400    55.291600   100.000000    -0.055117    -0.101406     0.049931     0.000000    353005.90
    6300    63.844400    55.291600   100.000000    -0.142825    -0.110334     0.074312     0.000000    353005.90
    6400    63.844400    55.291600   100.000000    -0.090608    -0.042592     0.191799     0.000000    353005.90
    6500    63.844400    55.291600   100.000000    -0.093689    -0.098329     0.109204     0.000000    353005.90
    6600    63.844400    55.291600   100.000000    -0.093113    -0.110650     0.015087     0.000000    353005.90
    6700    63.844400    55.291600   100.000000    -0.011959     0.001571     0.054285     0.000000    353005.90
    6800    63.844400    55.291600   100.000000    -0.076310    -0.027293     0.084776     0.000000    353005.90
    6900    63.844400    55.291600   100.000000    -0.109316    -0.107917     0.122197     0.000000    353005.90
    7000    63.844400    55.291600   100.000000    -0.051915    -0.069041     0.093638     0.000000    353005.90
    7100    63.844400    55.291600   100.000000    -0.055626     0.002178     0.024827     0.000000    353005.90
    7200    63.844400    55.291600   100.000000    -0.089347    -0.035865    -0.007226     0.000000    353005.90
    7300    63.844400    55.291600   100.000000    -0.065372    -0.060216     0.070344     0.000000    353005.90
    7400    63.844400    55.291600   100.000000    -0.047506    -0.070007     0.153698     0.000000    353005.90
    7500    63.844400    55.291600   100.000000    -0.063494    -0.028798     0.102977     0.000000    353005.90
    7600    63.844400    55.291600   100.000000    -0.013618    -0.042253     0.044935     0.000000    353005.90
    7700    63.844400    55.291600   100.000000     0.012237    -0.021764     0.098112     0.000000    353005.90
    7800    63.844400    55.291600   100.000000    -0.090590    -0.121464     0.126404     0.000000    353005.90
    7900    63.844400    55.291600   100.000000    -0.106433    -0.113673     0.150972     0.000000    353005.90
    8000    63.844400    55.291600   100.000000    -0.083044    -0.085222     0.086207     0.000000    353005.90
    8100    63.844400    55.291600   100.000000    -0.052053    -0.062220     0.035299     0.000000    353005.90
    8200    63.844400    55.291600   100.000000    -0.054173    -0.117992     0.069605     0.000000    353005.90
    8300    63.844400    55.291600   100.000000    -0.092566    -0.124311     0.115096     0.000000    353005.90
    8400    63.844400    55.291600   100.000000    -0.154816    -0.145809     0.102067     0.000000    353005.90
    8500    63.844400    55.291600   100.000000    -0.048216    -0.033735     0.113326     0.000000    353005.90
    8600    63.844400    55.291600   100.000000    -0.046125    -0.080904     0.065557     0.000000    353005.90
    8700    63.844400    55.291600   100.000000    -0.084500    -0.044536     0.102921     0.000000    353005.90
    8800    63.844400    55.291600   100.000000    -0.104189    -0.088516     0.158266     0.000000    353005.90
    8900    63.844400    55.291600   100.000000    -0.110061    -0.097444     0.120681     0.000000    353005.90
    9000    63.844400    55.291600   100.000000    -0.043639    -0.052306     0.083555     0.000000    353005.90
    9100    63.844400    55.291600   100.000000    -0.084358    -0.035947     0.040974     0.000000    353005.90
    9200    63.844400    55.291600   100.000000    -0.081157    -0.067499     0.103392     0.000000    353005.90
    9300    63.844400    55.291600   100.000000    -0.090642    -0.078007     0.206202     0.000000    353005.90
    9400    63.844400    55.291600   100.000000    -0.066276    -0.066009     0.140414     0.000000    353005.90
    9500    63.844400    55.291600   100.000000    -0.074429    -0.039910     0.029572     0.000000    353005.90
    9600    63.844400    55.291600   100.000000    -0.031256    -0.018642     0.060257     0.000000    353005.90
    9700    63.844400    55.291600   100.000000    -0.017731    -0.058981     0.176092     0.000000    353005.90
    9800    63.844400    55.291600   100.000000    -0.164988    -0.165753     0.164819     0.000000    353005.90
    9900    63.844400    55.291600   100.000000    -0.100454    -0.064529     0.137113     0.000000    353005.90
   10000    63.844400    55.291600   100.000000    -0.021058    -0.043967     0.070525     0.000000    353005.90
   10100    63.844400    55.291600   100.000000    -0.030296    -0.037502     0.119334     0.000000    353005.90
   10200    63.844400    55.291600   100.000000    -0.077815    -0.084452     0.204998     0.000000    353005.90
   10300    63.844400    55.291600   100.000000    -0.131768    -0.101115     0.278462     0.000000    353005.90
   10400    63.844400    55.291600   100.000000    -0.068607    -0.090316     0.180159     0.000000    353005.90
   10500    63.844400    55.291600   100.000000    -0.043933    -0.087801     0.128859     0.000000    353005.90
   10600    63.844400    55.291600   100.000000    -0.096275    -0.071947     0.148423     0.000000    353005.90
   10700    63.844400    55.291600   100.000000    -0.096652    -0.104690     0.268945     0.000000    353005.90
   10800    63.844400    55.291600   100.000000    -0.062642    -0.088018     0.347253     0.000000    353005.90
   10900    63.844400    55.291600   100.000000    -0.064648    -0.107148     0.256815     0.000000    353005.90
   11000    63.844400    55.291600   100.000000    -0.048962    -0.053910     0.216052     0.000000    353005.90
   11100    63.844400    55.291600   100.000000    -0.081454    -0.047448     0.258819     0.000000    353005.90
   11200    63.844400    55.291600   100.000000    -0.106931    -0.146473     0.315598     0.000000    353005.90
   11300    63.844400    55.291600   100.000000    -0.086781    -0.150985     0.336474     0.000000    353005.90
   11400    63.844400    55.291600   100.000000    -0.096340    -0.078460     0.292179     0.000000    353005.90
   11500    63.844400    55.291600   100.000000    -0.128188    -0.082746     0.237797     0.000000    353005.90
   11600    63.844400    55.291600   100.000000    -0.099670    -0.133622     0.284466     0.000000    353005.90
   11700    63.844400    55.291600   100.000000    -0.153526    -0.210599     0.307693     0.000000    353005.90
   11800    63.844400    55.291600   100.000000    -0.093537    -0.091702     0.355961     0.000000    353005.90
   11900    63.844400    55.291600   100.000000    -0.141493    -0.119775     0.248629     0.000000    353005.90
   12000    63.844400    55.291600   100.000000    -0.113844    -0.092470     0.276699     0.000000    353005.90
   12100    63.844400    55.291600   100.000000    -0.112207    -0.096671     0.329646     0.000000    353005.90
   12200    63.844400    55.291600   100.000000    -0.163287    -0.100026     0.372192     0.000000    353005.90
   12300    63.844400    55.291600   100.000000    -0.214581    -0.138881     0.307401     0.000000    353005.90
   12400    63.844400    55.291600   100.000000    -0.158446    -0.126373     0.196720     0.000000    353005.90
   12500    63.844400    55.291600   100.000000    -0.141834    -0.158104     0.215710     0.000000    353005.90
   12600    63.844400    55.291600   100.000000    -0.176539    -0.104979     0.286634     0.000000    353005.90
   12700    63.844400    55.291600   100.000000    -0.179018    -0.072108     0.361635     0.000000    353005.90
   12800    63.844400    55.291600   100.000000    -0.133070    -0.106138     0.335546     0.000000    353005.90
   12900    63.844400    55.291600   100.000000    -0.122986    -0.140792     0.232125     0.000000    353005.90
   13000    63.844400    55.291600   100.000000    -0.148517    -0.084005     0.210735     0.000000    353005.90
   13100    63.844400    55.291600   100.000000    -0.183861    -0.052832     0.350754     0.000000    353005.90
   13200    63.844400    55.291600   100.000000    -0.087124    -0.118525     0.351205     0.000000    353005.90
   13300    63.844400    55.291600   100.000000    -0.124256    -0.175985     0.256795     0.000000    353005.90
   13400    63.844400    55.291600   100.000000    -0.179607    -0.121505     0.233910     0.000000    353005.90
   13500    63.844400    55.291600   100.000000    -0.221014    -0.138988     0.262595     0.000000    353005.90
   13600    63.844400    55.291600   100.000000    -0.138612    -0.198914     0.326028     0.000000    353005.90
   13700    63.844400    55.291600   100.000000    -0.139596    -0.239922     0.331076     0.000000    353005.90
   13800    63.844400    55.291600   100.000000    -0.092365    -0.116754     0.370584     0.000000    353005.90
   13900    63.844400    55.291600   100.000000    -0.167095    -0.085068     0.266260     0.000000    353005.90
   14000    63.844400    55.291600   100.000000    -0.191196    -0.196189     0.285967     0.000000    353005.90
   14100    63.844400    55.291600   100.000000    -0.175953    -0.286264     0.371298     0.000000    353005.90
   14200    63.844400    55.291600   100.000000    -0.211045    -0.255498     0.333536     0.000000    353005.90
   14300    63.844400    55.291600   100.000000    -0.249504    -0.207062     0.287878     0.000000    353005.90
   14400    63.844400    55.291600   100.000000    -0.255647    -0.244841     0.294230     0.000000    353005.90
   14500    63.844400    55.291600   100.000000    -0.206153    -0.290083     0.324542     0.000000    353005.90
   14600    63.844400    55.291600   100.000000    -0.230402    -0.270920     0.393044     0.000000    353005.90
   14700    63.844400    55.291600   100.000000    -0.239129    -0.242911     0.348386     0.000000    353005.90
   14800    63.844400    55.291600   100.000000    -0.257604    -0.229656     0.292465     0.000000    353005.90
   14900    63.844400    55.291600   100.000000    -0.226313    -0.246366     0.332370     0.000000    353005.90
   15000    63.844400    55.291600   100.000000    -0.256173    -0.304822     0.366664     0.000000    353005.90
   15100    63.844400    55.291600   100.000000    -0.251437    -0.227529     0.393664     0.000000    353005.90
   15200    63.844400    55.291600   100.000000    -0.215761    -0.232162     0.384796     0.000000    353005.90
   15300    63.844400    55.291600   100.000000    -0.219682    -0.201400     0.332179     0.000000    353005.90
   15400    63.844400    55.291600   100.000000    -0.232137    -0.221676     0.371702     0.000000    353005.90
   15500    63.844400    55.291600   100.000000    -0.251743    -0.210648     0.388665     0.000000    353005.90
   15600    63.844400    55.291600   100.000000    -0.271496    -0.286850     0.375668     0.000000    353005.90
   15700    63.844400    55.291600   100.000000    -0.261879    -0.307808     0.380389     0.000000    353005.90
   15800    63.844400    55.291600   100.000000    -0.283611    -0.249008     0.323938     0.000000    353005.90
   15900    63.844400    55.291600   100.000000    -0.332582    -0.265461     0.258014     0.000000    353005.90
   16000    63.844400    55.291600   100.000000    -0.327629    -0.278558     0.352909     0.000000    353005.90
   16100    63.844400    55.291600   100.000000    -0.290202    -0.309450     0.410428     0.000000    353005.90
   16200    63.844400    55.291600   100.000000    -0.309756    -0.303278     0.340339     0.000000    353005.90
   16300    63.844400    55.291600   100.000000    -0.236239    -0.207170     0.333090     0.000000    353005.90
   16400    63.844400    55.291600   100.000000    -0.284884    -0.229346     0.344603     0.000000    353005.90
   16500    63.844400    55.291600   100.000000    -0.288574    -0.299566     0.389384     0.000000    353005.90
   16600    63.844400    55.291600   100.000000    -0.302423    -0.327747     0.410387     0.000000    353005.90
   16700    63.844400    55.291600   100.000000    -0.335313    -0.327095     0.383747     0.000000    353005.90
   16800    63.844400    55.291600   100.000000    -0.278816    -0.249212     0.378080     0.000000    353005.90
   16900    63.844400    55.291600   100.000000    -0.280629    -0.287905     0.308701     0.000000    353005.90
   17000    63.844400    55.291600   100.000000    -0.331481    -0.310256     0.411831     0.000000    353005.90
   17100    63.844400    55.291600   100.000000    -0.321313    -0.334486     0.485913     0.000000    353005.90
   17200    63.844400    55.291600   100.000000    -0.333231    -0.345895     0.444748     0.000000    353005.90
   17300    63.844400    55.291600   100.000000    -0.292247    -0.301516     0.397936     0.000000    353005.90
   17400    63.844400    55.291600   100.000000    -0.307516    -0.336109     0.392065     0.000000    353005.90
   17500    63.844400    55.291600   100.000000    -0.380530    -0.345158     0.430269     0.000000    353005.90
   17600    63.844400    55.291600   100.000000    -0.372910    -0.384304     0.410290     0.000000    353005.90
   17700    63.844400    55.291600   100.000000    -0.347110    -0.360453     0.411648     0.000000    353005.90
   17800    63.844400    55.291600   100.000000    -0.317057    -0.341600     0.421239     0.000000    353005.90
   17900    63.844400    55.291600   100.000000    -0.350190    -0.388997     0.421292     0.000000    353005.90
   18000    63.844400    55.291600   100.000000    -0.393782    -0.385115     0.436993     0.000000    353005.90
   18100    63.844400    55.291600   100.000000    -0.298597    -0.339899     0.438233     0.000000    353005.90
   18200    63.844400    55.291600   100.000000    -0.346998    -0.340089     0.429188     0.000000    353005.90
   18300    63.844400    55.291600   100.000000    -0.370181    -0.396152     0.437461     0.000000    353005.90
   18400    63.844400    55.291600   100.000000    -0.374468    -0.368555     0.460856     0.000000    353005.90
   18500    63.844400    55.291600   100.000000    -0.420696    -0.362358     0.482902     0.000000    353005.90
   18600    63.844400    55.291600   100.000000    -0.396810    -0.366719     0.445778     0.000000    353005.90
   18700    63.844400    55.291600   100.000000    -0.391356    -0.372532     0.453517     0.000000    353005.90
   18800    63.844400    55.291600   100.000000    -0.519429    -0.405172     0.376263     0.000000    353005.90
   18900    63.844400    55.291600   100.000000    -0.322469    -0.317951     0.441236     0.000000    353005.90
   19000    63.844400    55.291600   100.000000    -0.394738    -0.353083     0.457043     0.000000    353005.90
   19100    63.844400    55.291600   100.000000    -0.393070    -0.357910     0.465919     0.000000    353005.90
   19200    63.844400    55.291600   100.000000    -0.391316    -0.377660     0.440704     0.000000    353005.90
   19300    63.844400    55.291600   100.000000    -0.387449    -0.425601     0.413525     0.000000    353005.90
   19400    63.844400    55.291600   100.000000    -0.457865    -0.411002     0.403035     0.000000    353005.90
   19500    63.844400    55.291600   100.000000    -0.432711    -0.391764     0.463317     0.000000    353005.90
   19600    63.844400    55.291600   100.000000    -0.398308    -0.432842     0.398123     0.000000    353005.90
   19700    63.844400    55.291600   100.000000    -0.375783    -0.458749     0.359129     0.000000    353005.90
   19800    63.844400    55.291600   100.000000    -0.431758    -0.429099     0.409367     0.000000    353005.90
   19900    63.844400    55.291600   100.000000    -0.362005    -0.351564     0.474418     0.000000    353005.90
   20000    63.844400    55.291600   100.000000    -0.356531    -0.366373     0.422817     0.000000    353005.90
   20100    63.844400    55.291600   100.000000    -0.437607    -0.408505     0.421692     0.000000    353005.90
   20200    63.844400    55.291600   100.000000    -0.468706    -0.494946     0.420548     0.000000    353005.90
   20300    63.844400    55.291600   100.000000    -0.445165    -0.394654     0.475850     0.000000    353005.90
   20400    63.844400    55.291600   100.000000    -0.567803    -0.499834     0.364971     0.000000    353005.90
   20500    63.844400    55.291600   100.000000    -0.471603    -0.470327     0.385753     0.000000    353005.90
   20600    63.844400    55.291600   100.000000    -0.511355    -0.505738     0.343724     0.000000    353005.90
   20700    63.844400    55.291600   100.000000    -0.489760    -0.424009     0.382921     0.000000    353005.90
   20800    63.844400    55.291600   100.000000    -0.459496    -0.455023     0.414826     0.000000    353005.90
   20900    63.844400    55.291600   100.000000    -0.402554    -0.475572     0.425282     0.000000    353005.90
   21000    63.844400    55.291600   100.000000    -0.470447    -0.420043     0.458872     0.000000    353005.90
   21100    63.844400    55.291600   100.000000    -0.449573    -0.444832     0.391609     0.000000    353005.90
   21200    63.844400    55.291600   100.000000    -0.488213    -0.511372     0.441025     0.000000    353005.90
   21300    63.844400    55.291600   100.000000    -0.497007    -0.507184     0.361722     0.000000    353005.90
   21400    63.844400    55.291600   100.000000    -0.476504    -0.527045     0.413474     0.000000    353005.90
   21500    63.844400    55.291600   100.000000    -0.406801    -0.445429     0.409163     0.000000    353005.90
   21600    63.844400    55.291600   100.000000    -0.487251    -0.418350     0.409717     0.000000    353005.90
   21700    63.844400    55.291600   100.000000    -0.462603    -0.440657     0.435118     0.000000    353005.90
   21800    63.844400    55.291600   100.000000    -0.429446    -0.498382     0.407288     0.000000    353005.90
   21900    63.844400    55.291600   100.000000    -0.450997    -0.523063     0.448100     0.000000    353005.90
   22000    63.844400    55.291600   100.000000    -0.460652    -0.457790     0.391661     0.000000    353005.90
   22100    63.844400    55.291600   100.000000    -0.456621    -0.466331     0.411825     0.000000    353005.90
   22200    63.844400    55.291600   100.000000    -0.511670    -0.543738     0.511001     0.000000    353005.90
   22300    63.844400    55.291600   100.000000    -0.588893    -0.588739     0.637216     0.000000    353005.90
   22400    63.844400    55.291600   100.000000    -0.629242    -0.640471     0.888720     0.000000    353005.90
   22500    63.844400    55.291600   100.000000    -0.685407    -0.707846     1.062310     0.000000    353005.90
   22600    63.844400    55.291600   100.000000    -0.590568    -0.668307     1.063883     0.000000    353005.90
   22700    63.844400    55.291600   100.000000    -0.611487    -0.641280     0.956859     0.000000    353005.90
   22800    63.844400    55.291600   100.000000    -0.585583    -0.634411     1.047451     0.000000    353005.90
   22900    63.844400    55.291600   100.000000    -0.610185    -0.650010     1.169622     0.000000    353005.90
   23000    63.844400    55.291600   100.000000    -0.755739    -0.800959     1.234121     0.000000    353005.90
   23100    63.844400    55.291600   100.000000    -0.683928    -0.637753     1.284985     0.000000    353005.90
   23200    63.844400    55.291600   100.000000    -0.565499    -0.670198     1.128024     0.000000    353005.90
   23300    63.844400    55.291600   100.000000    -0.552745    -0.582468     1.158252     0.000000    353005.90
   23400    63.844400    55.291600   100.000000    -0.761551    -0.692217     1.218192     0.000000    353005.90
   23500    63.844400    55.291600   100.000000    -0.667492    -0.651359     1.357308     0.000000    353005.90
   23600    63.844400    55.291600   100.000000    -0.578657    -0.594362     1.277605     0.000000    353005.90
   23700    63.844400    55.291600   100.000000    -0.531391    -0.540128     1.170888     0.000000    353005.90
   23800    63.844400    55.291600   100.000000    -0.520732    -0.502859     1.224478     0.000000    353005.90
   23900    63.844400    55.291600   100.000000    -0.616557    -0.522736     1.297703     0.000000    353005.90
   24000    63.844400    55.291600   100.000000    -0.550252    -0.509719     1.350681     0.000000    353005.90
   24100    63.844400    55.291600   100.000000    -0.469678    -0.429323     1.217183     0.000000    353005.90
   24200    63.844400    55.291600   100.000000    -0.447671    -0.388350     1.181986     0.000000    353005.90
   24300    63.844400    55.291600   100.000000    -0.449961    -0.475890     1.245247     0.000000    353005.90
   24400    63.844400    55.291600   100.000000    -0.349103    -0.324214     1.207724     0.000000    353005.90
   24500    63.844400    55.291600   100.000000    -0.246054    -0.360851     1.304009     0.000000    353005.90
   24600    63.844400    55.291600   100.000000    -0.327473    -0.336182     1.228607     0.000000    353005.90
   24700    63.844400    55.291600   100.000000    -0.214765    -0.201334     1.265810     0.000000    353005.90
   24800    63.844400    55.291600   100.000000    -0.293719    -0.298393     1.220090     0.000000    353005.90
   24900    63.844400    55.291600   100.000000    -0.203589    -0.291837     1.267161     0.000000    353005.90
   25000    63.844400    55.291600   100.000000    -0.107725    -0.152159     1.238624     0.000000    353005.90
   25100    63.844400    55.291600   100.000000     0.005313     0.040855     0.999055     0.000000    353005.90
   25200    63.844400    55.291600   100.000000     0.068594    -0.054394     0.903759     0.000000    353005.90
   25300    63.844400    55.291600   100.000000     0.171518     0.161011     0.828099     0.000000    353005.90
   25400    63.844400    55.291600   100.000000     0.064145     0.121202     0.738251     0.000000    353005.90
   25500    63.844400    55.291600   100.000000     0.169997     0.149443     0.717483     0.000000    353005.90
   25600    63.844400    55.291600   100.000000     0.076113     0.069891     0.711453     0.000000    353005.90
   25700    63.844400    55.291600   100.000000    -0.027857     0.070676     0.841434     0.000000    353005.90
   25800    63.844400    55.291600   100.000000    -0.002728     0.042458     0.838730     0.000000    353005.90
   25900    63.844400    55.291600   100.000000     0.057936     0.025872     0.752662     0.000000    353005.90
   26000    63.844400    55.291600   100.000000     0.050825     0.087815     0.742508     0.000000    353005.90
   26100    63.844400    55.291600   100.000000     0.102310     0.043050     0.796793     0.000000    353005.90
   26200    63.844400    55.291600   100.000000     0.017065     0.008878     0.840242     0.000000    353005.90
   26300    63.844400    55.291600   100.000000     0.024378     0.034822     1.041214     0.000000    353005.90
   26400    63.844400    55.291600   100.000000    -0.080320    -0.070697     0.841126     0.000000    353005.90
   26500    63.844400    55.291600   100.000000     0.050137     0.072487     0.927046     0.000000    353005.90
   26600    63.844400    55.291600   100.000000     0.027845     0.027235     0.921525     0.000000    353005.90
   26700    63.844400    55.291600   100.000000     0.030322    -0.006439     0.913925     0.000000    353005.90
   26800    63.844400    55.291600   100.000000    -0.145231    -0.125388     1.017296     0.000000    353005.90
   26900    63.844400    55.291600   100.000000    -0.029971     0.041542     1.055527     0.000000    353005.90
   27000    63.844400    55.291600   100.000000    -0.047213    -0.044767     1.020266     0.000000    353005.90
   27100    63.844400    55.291600   100.000000    -0.150237    -0.047254     1.062234     0.000000    353005.90
   27200    63.844400    55.291600   100.000000    -0.020135     0.020213     1.322291     0.000000    353005.90
   27300    63.844400    55.291600   100.000000    -0.113147    -0.102343     1.273474     0.000000    353005.90
   27400    63.844400    55.291600   100.000000    -0.098145    -0.046898     1.211397     0.000000    353005.90
   27500    63.844400    55.291600   100.000000    -0.021936     0.002867     1.094775     0.000000    353005.90
   27600    63.844400    55.291600   100.000000    -0.077240    -0.058093     1.082534     0.000000    353005.90
   27700    63.844400    55.291600   100.000000    -0.062811    -0.115731     1.073364     0.000000    353005.90
   27800    63.844400    55.291600   100.000000    -0.108836    -0.073387     0.993763     0.000000    353005.90
   27900    63.844400    55.291600   100.000000    -0.092778    -0.023560     0.950643     0.000000    353005.90
   28000    63.844400    55.291600   100.000000    -0.104331    -0.073972     0.990909     0.000000    353005.90
   28100    63.844400    55.291600   100.000000    -0.106522    -0.088233     1.010502     0.000000    353005.90
   28200    63.844400    55.291600   100.000000    -0.001619    -0.129367     0.882105     0.000000    353005.90
   28300    63.844400    55.291600   100.000000    -0.178832    -0.166676     0.864698     0.000000    353005.90
   28400    63.844400    55.291600   100.000000    -0.111344    -0.156048     0.854690     0.000000    353005.90
   28500    63.844400    55.291600   100.000000    -0.129935    -0.229914     0.757366     0.000000    353005.90
   28600    63.844400    55.291600   100.000000    -0.141183    -0.313731     0.797082     0.000000    353005.90
   28700    63.844400    55.291600   100.000000    -0.079052    -0.252324     0.718494     0.000000    353005.90
   28800    63.844400    55.291600   100.000000    -0.139535    -0.186255     0.618774     0.000000    353005.90
   28900    63.844400    55.291600   100.000000    -0.164825    -0.281394     0.667713     0.000000    353005.90
   29000    63.844400    55.291600   100.000000    -0.156062    -0.204716     0.648058     0.000000    353005.90
   29100    63.844400    55.291600   100.000000    -0.158841    -0.202931     0.666412     0.000000    353005.90
   29200    63.844400    55.291600   100.000000    -0.223108    -0.156507     0.749210     0.000000    353005.90
   29300    63.844400    55.291600   100.000000    -0.161778    -0.251706     0.512010     0.000000    353005.90
   29400    63.844400    55.291600   100.000000    -0.216311    -0.235082     0.432356     0.000000    353005.90
   29500    63.844400    55.291600   100.000000    -0.236650    -0.261261     0.415665     0.000000    353005.90
   29600    63.844400    55.291600   100.000000    -0.076215    -0.187647     0.534444     0.000000    353005.90
   29700    63.844400    55.291600   100.000000    -0.241897    -0.317279     0.380953     0.000000    353005.90
   29800    63.844400    55.291600   100.000000    -0.196246    -0.268936     0.284764     0.000000    353005.90
   29900    63.844400    55.291600   100.000000    -0.229415    -0.101924     0.352770     0.000000    353005.90
   30000    63.844400    55.291600   100.000000    -0.216186    -0.327182     0.231543     0.000000    353005.90
   30100    63.844400    55.291600   100.000000    -0.168384    -0.234886     0.193700     0.000000    353005.90
   30200    63.844400    55.291600   100.000000    -0.301780    -0.219519     0.212763     0.000000    353005.90
   30300    63.844400    55.291600   100.000000    -0.153103    -0.170871     0.173628     0.000000    353005.90
   30400    63.844400    55.291600   100.000000    -0.248624    -0.346871     0.052964     0.000000    353005.90
   30500    63.844400    55.291600   100.000000    -0.271244    -0.286736     0.049323     0.000000    353005.90
   30600    63.844400    55.291600   100.000000    -0.162382    -0.284511     0.006303     0.000000    353005.90
   30700    63.844400    55.291600   100.000000    -0.272617    -0.199316     0.047432     0.000000    353005.90
   30800    63.844400    55.291600   100.000000    -0.229089    -0.089738     0.038638     0.000000    353005.90
   30900    63.844400    55.291600   100.000000    -0.121590    -0.280907     0.161638     0.000000    353005.90
   31000    63.844400    55.291600   100.000000    -0.222103    -0.249385     0.112664     0.000000    353005.90
   31100    63.844400    55.291600   100.000000    -0.244385    -0.224747     0.111429     0.000000    353005.90
   31200    63.844400    55.291600   100.000000    -0.268301    -0.141561     0.099882     0.000000    353005.90
   31300    63.844400    55.291600   100.000000    -0.170343    -0.140749     0.215301     0.000000    353005.90
   31400    63.844400    55.291600   100.000000    -0.297277    -0.281115     0.034739     0.000000    353005.90
   31500    63.844400    55.291600   100.000000    -0.228486    -0.228520     0.105509     0.000000    353005.90
   31600    63.844400    55.291600   100.000000    -0.253881    -0.101345     0.135323     0.000000    353005.90
   31700    63.844400    55.291600   100.000000    -0.255569    -0.222684     0.035615     0.000000    353005.90
   31800    63.844400    55.291600   100.000000    -0.057476    -0.023157     0.082657     0.000000    353005.90
   31900    63.844400    55.291600   100.000000    -0.219032    -0.036127     0.048505     0.000000    353005.90
   32000    63.844400    55.291600   100.000000    -0.093323    -0.011830     0.067463     0.000000    353005.90
   32100    63.844400    55.291600   100.000000    -0.105644    -0.033020     0.128739     0.000000    353005.90
   32200    63.844400    55.291600   100.000000    -0.196115    -0.011584     0.073509     0.000000    353005.90
   32300    63.844400    55.291600   100.000000    -0.117448    -0.021388     0.095673     0.000000    353005.90
   32400    63.844400    55.291600   100.000000    -0.173074    -0.070016     0.039581     0.000000    353005.90
   32500    63.844400    55.291600   100.000000    -0.190022    -0.045363     0.078363     0.000000    353005.90
   32600    63.844400    55.291600   100.000000    -0.271239    -0.031115     0.046947     0.000000    353005.90
   32700    63.844400    55.291600   100.000000    -0.242757    -0.227118    -0.030993     0.000000    353005.90
   32800    63.844400    55.291600   100.000000    -0.226835    -0.077709    -0.115155     0.000000    353005.90
   32900    63.844400    55.291600   100.000000    -0.362809    -0.190265    -0.125929     0.000000    353005.90
   33000    63.844400    55.291600   100.000000    -0.195442    -0.065192    -0.087497     0.000000    353005.90
   33100    63.844400    55.291600   100.000000    -0.236468    -0.056760    -0.067684     0.000000    353005.90
   33200    63.844400    55.291600   100.000000    -0.255850    -0.140948    -0.039099     0.000000    353005.90
   33300    63.844400    55.291600   100.000000    -0.374083    -0.116270    -0.089291     0.000000    353005.90
   33400    63.844400    55.291600   100.000000    -0.228984    -0.089650    -0.126450     0.000000    353005.90
   33500    63.844400    55.291600   100.000000    -0.309964    -0.081131    -0.071496     0.000000    353005.90
   33600    63.844400    55.291600   100.000000    -0.240082    -0.162806    -0.277285     0.000000    353005.90
   33700    63.844400    55.291600   100.000000    -0.278189    -0.257832    -0.228808     0.000000    353005.90
   33800    63.844400    55.291600   100.000000    -0.289955    -0.071248    -0.112975     0.000000    353005.90
   33900    63.844400    55.291600   100.000000    -0.301039    -0.192046    -0.148087     0.000000    353005.90
   34000    63.844400    55.291600   100.000000    -0.350676    -0.221421    -0.163786     0.000000    353005.90
   34100    63.844400    55.291600   100.000000    -0.380981    -0.195575    -0.152677     0.000000    353005.90
   34200    63.844400    55.291600   100.000000    -0.307196    -0.181730    -0.128271     0.000000    353005.90
   34300    63.844400    55.291600   100.000000    -0.338838    -0.198474    -0.209143     0.000000    353005.90
   34400    63.844400    55.291600   100.000000    -0.458636    -0.268876    -0.215675     0.000000    353005.90
   34500    63.844400    55.291600   100.000000    -0.279721    -0.231251    -0.138526     0.000000    353005.90
   34600    63.844400    55.291600   100.000000    -0.475555    -0.241117    -0.164898     0.000000    353005.90
   34700    63.844400    55.291600   100.000000    -0.457717    -0.263772    -0.215262     0.000000    353005.90
   34800    63.844400    55.291600   100.000000    -0.357011    -0.222955    -0.218163     0.000000    353005.90
   34900    63.844400    55.291600   100.000000    -0.445427    -0.162384    -0.273215     0.000000    353005.90
   35000    63.844400    55.291600   100.000000    -0.335416    -0.307369    -0.272894     0.000000    353005.90
   35100    63.844400    55.291600   100.000000    -0.410489    -0.232564    -0.331799     0.000000    353005.90
   35200    63.844400    55.291600   100.000000    -0.415026    -0.191191    -0.272126     0.000000    353005.90
   35300    63.844400    55.291600   100.000000    -0.444154    -0.172419    -0.376421     0.000000    353005.90
   35400    63.844400    55.291600   100.000000    -0.404989    -0.196476    -0.351986     0.000000    353005.90
   35500    63.844400    55.291600   100.000000    -0.439694    -0.179408    -0.331361     0.000000    353005.90
   35600    63.844400    55.291600   100.000000    -0.546193    -0.127802    -0.328769     0.000000    353005.90
   35700    63.844400    55.291600   100.000000    -0.658094    -0.350770    -0.544195     0.000000    353005.90
   35800    63.844400    55.291600   100.000000    -0.571744    -0.277941    -0.483792     0.000000    353005.90
   35900    63.844400    55.291600   100.000000    -0.616977    -0.261767    -0.447449     0.000000    353005.90
   36000    63.844400    55.291600   100.000000    -0.578632    -0.249230    -0.388311     0.000000    353005.90
   36100    63.844400    55.291600   100.000000    -0.654911    -0.276230    -0.515140     0.000000    353005.90
   36200    63.844400    55.291600   100.000000    -0.617111    -0.197467    -0.527037     0.000000    353005.90
   36300    63.844400    55.291600   100.000000    -0.552232    -0.301356    -0.529892     0.000000    353005.90
   36400    63.844400    55.291600   100.000000    -0.534556    -0.179744    -0.586911     0.000000    353005.90
   36500    63.844400    55.291600   100.000000    -0.531473    -0.222220    -0.542248     0.000000    353005.90
   36600    63.844400    55.291600   100.000000    -0.581244    -0.170815    -0.482229     0.000000    353005.90
   36700    63.844400    55.291600   100.000000    -0.571517    -0.177412    -0.535985     0.000000    353005.90
   36800    63.844400    55.291600   100.000000    -0.643418    -0.235206    -0.504967     0.000000    353005.90
   36900    63.844400    55.291600   100.000000    -0.528060    -0.083380    -0.381664     0.000000    353005.90
   37000    63.844400    55.291600   100.000000    -0.509841    -0.248746    -0.410915     0.000000    353005.90
   37100    63.844400    55.291600   100.000000    -0.649951    -0.252375    -0.491695     0.000000    353005.90
   37200    63.844400    55.291600   100.000000    -0.631280    -0.119682    -0.534174     0.000000    353005.90
   37300    63.844400    55.291600   100.000000    -0.717350    -0.121927    -0.525093     0.000000    353005.90
   37400    63.844400    55.291600   100.000000    -0.673334    -0.245419    -0.442436     0.000000    353005.90
   37500    63.844400    55.291600   100.000000    -0.583194    -0.157376    -0.566876     0.000000    353005.90
   37600    63.844400    55.291600   100.000000    -0.568548    -0.117811    -0.420063     0.000000    353005.90
   37700    63.844400    55.291600   100.000000    -0.641624    -0.026267    -0.490574     0.000000    353005.90
   37800    63.844400    55.291600   100.000000    -0.728537    -0.127925    -0.502111     0.000000    353005.90
   37900    63.844400    55.291600   100.000000    -0.603560    -0.123386    -0.585228     0.000000    353005.90
   38000    63.844400    55.291600   100.000000    -0.657480    -0.164111    -0.531020     0.000000    353005.90
   38100    63.844400    55.291600   100.000000    -0.622550    -0.128079    -0.483486     0.000000    353005.90
   38200    63.844400    55.291600   100.000000    -0.525211    -0.074810    -0.583747     0.000000    353005.90
   38300    63.844400    55.291600   100.000000    -0.702844    -0.092235    -0.605858     0.000000    353005.90
   38400    63.844400    55.291600   100.000000    -0.600652    -0.059781    -0.464420     0.000000    353005.90
   38500    63.844400    55.291600   100.000000    -0.626388    -0.147945    -0.565363     0.000000    353005.90
   38600    63.844400    55.291600   100.000000    -0.620389    -0.080306    -0.504200     0.000000    353005.90
   38700    63.844400    55.291600   100.000000    -0.739560    -0.165009    -0.659776     0.000000    353005.90
   38800    63.844400    55.291600   100.000000    -0.533267    -0.068929    -0.699979     0.000000    353005.90
   38900    63.844400    55.291600   100.000000    -0.646436    -0.151675    -0.618073     0.000000    353005.90
   39000    63.844400    55.291600   100.000000    -0.542469    -0.125851    -0.690855     0.000000    353005.90
   39100    63.844400    55.291600   100.000000    -0.621931    -0.247733    -0.646083     0.000000    353005.90
   39200    63.844400    55.291600   100.000000    -0.672293    -0.136178    -0.588340     0.000000    353005.90
   39300    63.844400    55.291600   100.000000    -0.645931    -0.191504    -0.613407     0.000000    353005.90
   39400    63.844400    55.291600   100.000000    -0.619782    -0.180122    -0.610892     0.000000    353005.90
   39500    63.844400    55.291600   100.000000    -0.683122    -0.208201    -0.577613     0.000000    353005.90
   39600    63.844400    55.291600   100.000000    -0.569221    -0.215296    -0.536311     0.000000    353005.90
   39700    63.844400    55.291600   100.000000    -0.718408    -0.195386    -0.582919     0.000000    353005.90
   39800    63.844400    55.291600   100.000000    -0.701585    -0.219408    -0.603437     0.000000    353005.90
   39900    63.844400    55.291600   100.000000    -0.676533    -0.224652    -0.529353     0.000000    353005.90
   40000    63.844400    55.291600   100.000000    -0.729826    -0.293294    -0.633314     0.000000    353005.90
   40100    63.844400    55.291600   100.000000    -0.710049    -0.197589    -0.627318     0.000000    353005.90
   40200    63.844400    55.291600   100.000000    -0.598547    -0.180142    -0.601405     0.000000    353005.90
   40300    63.844400    55.291600   100.000000    -0.751133    -0.203495    -0.634514     0.000000    353005.90
   40400    63.844400    55.291600   100.000000    -0.761870    -0.188994    -0.693385     0.000000    353005.90
   40500    63.844400    55.291600   100.000000    -0.771408    -0.207662    -0.634283     0.000000    353005.90
   40600    63.844400    55.291600   100.000000    -0.837354    -0.225518    -0.707307     0.000000    353005.90
   40700    63.844400    55.291600   100.000000    -0.749340    -0.224224    -0.652200     0.000000    353005.90
   40800    63.844400    55.291600   100.000000    -0.829825    -0.241880    -0.825381     0.000000    353005.90
   40900    63.844400    55.291600   100.000000    -0.741889    -0.255515    -0.744542     0.000000    353005.90
   41000    63.844400    55.291600   100.000000    -0.806082    -0.241095    -0.706175     0.000000    353005.90
   41100    63.844400    55.291600   100.000000    -0.782872    -0.187259    -0.687031     0.000000    353005.90
   41200    63.844400    55.291600   100.000000    -0.839905    -0.253705    -0.697130     0.000000    353005.90
   41300    63.844400    55.291600   100.000000    -0.895511    -0.262285    -0.763482     0.000000    353005.90
   41400    63.844400    55.291600   100.000000    -0.731577    -0.281508    -0.674603     0.000000    353005.90
   41500    63.844400    55.291600   100.000000    -0.790709    -0.262074    -0.682003     0.000000    353005.90
   41600    63.844400    55.291600   100.000000    -0.798690    -0.323105    -0.707403     0.000000    353005.90
   41700    63.844400    55.291600   100.000000    -0.740814    -0.202981    -0.748985     0.000000    353005.90
   41800    63.844400    55.291600   100.000000    -0.675364    -0.233173    -0.713120     0.000000    353005.90
   41900    63.844400    55.291600   100.000000    -0.720973    -0.265454    -0.757304     0.000000    353005.90
   42000    63.844400    55.291600   100.000000    -0.704661    -0.250526    -0.703155     0.000000    353005.90
   42100    63.844400    55.291600   100.000000    -0.727796    -0.188072    -0.711852     0.000000    353005.90
   42200    63.844400    55.291600   100.000000    -0.785750    -0.287295    -0.728641     0.000000    353005.90
   42300    63.844400    55.291600   100.000000    -0.721577    -0.182669    -0.725939     0.000000    353005.90
   42400    63.844400    55.291600   100.000000    -0.690876    -0.266276    -0.741717     0.000000    353005.90
   42500    63.844400    55.291600   100.000000    -0.720464    -0.186276    -0.765220     0.000000    353005.90
   42600    63.844400    55.291600   100.000000    -0.751780    -0.172265    -0.728692     0.000000    353005.90
   42700    63.844400    55.291600   100.000000    -0.818279    -0.205259    -0.837251     0.000000    353005.90
   42800    63.844400    55.291600   100.000000    -0.725616    -0.291643    -0.800673     0.000000    353005.90
   42900    63.844400    55.291600   100.000000    -0.664867    -0.263123    -0.738422     0.000000    353005.90
   43000    63.844400    55.291600   100.000000    -0.681072    -0.218743    -0.716848     0.000000    353005.90
   43100    63.844400    55.291600   100.000000    -0.694236    -0.153782    -0.731002     0.000000    353005.90
   43200    63.844400    55.291600   100.000000    -0.655555    -0.216569    -0.776385     0.000000    353005.90
   43300    63.844400    55.291600   100.000000    -0.581163    -0.113023    -0.773744     0.000000    353005.90
   43400    63.844400    55.291600   100.000000    -0.681850    -0.281093    -0.805610     0.000000    353005.90
   43500    63.844400    55.291600   100.000000    -0.592172    -0.192878    -0.745990     0.000000    353005.90
   43600    63.844400    55.291600   100.000000    -0.613906    -0.109453    -0.695226     0.000000    353005.90
   43700    63.844400    55.291600   100.000000    -0.592370    -0.161766    -0.679526     0.000000    353005.90
   43800    63.844400    55.291600   100.000000    -0.643623    -0.235293    -0.792764     0.000000    353005.90
   43900    63.844400    55.291600   100.000000    -0.661863    -0.288208    -0.762438     0.000000    353005.90
   44000    63.844400    55.291600   100.000000    -0.713471    -0.334588    -0.762120     0.000000    353005.90
   44100    63.844400    55.291600   100.000000    -0.703223    -0.332286    -0.803359     0.000000    353005.90
   44200    63.844400    55.291600   100.000000    -0.683478    -0.192873    -0.749785     0.000000    353005.90
   44300    63.844400    55.291600   100.000000    -0.637616    -0.278739    -0.729747     0.000000    353005.90
   44400    63.844400    55.291600   100.000000    -0.656084    -0.281264    -0.775687     0.000000    353005.90
   44500    63.844400    55.291600   100.000000    -0.687170    -0.318569    -0.751944     0.000000    353005.90
   44600    63.844400    55.291600   100.000000    -0.625876    -0.309006    -0.746562     0.000000    353005.90
   44700    63.844400    55.291600   100.000000    -0.634619    -0.222853    -0.728556     0.000000    353005.90
   44800    63.844400    55.291600   100.000000    -0.626259    -0.223481    -0.686588     0.000000    353005.90
   44900    63.844400    55.291600   100.000000    -0.573041    -0.253605    -0.687008     0.000000    353005.90
   45000    63.844400    55.291600   100.000000    -0.588645    -0.332286    -0.776621     0.000000    353005.90
   45100    63.844400    55.291600   100.000000    -0.649870    -0.338290    -0.667948     0.000000    353005.90
   45200    63.844400    55.291600   100.000000    -0.619472    -0.288632    -0.730356     0.000000    353005.90
   45300    63.844400    55.291600   100.000000    -0.523282    -0.189849    -0.677476     0.000000    353005.90
   45400    63.844400    55.291600   100.000000    -0.505147    -0.255186    -0.662940     0.000000    353005.90
   45500    63.844400    55.291600   100.000000    -0.626770    -0.259649    -0.756254     0.000000    353005.90
   45600    63.844400    55.291600   100.000000    -0.636663    -0.256316    -0.757819     0.000000    353005.90
   45700    63.844400    55.291600   100.000000    -0.523446    -0.194952    -0.684871     0.000000    353005.90
   45800    63.844400    55.291600   100.000000    -0.509767    -0.143622    -0.669767     0.000000    353005.90
   45900    63.844400    55.291600   100.000000    -0.561975    -0.137909    -0.677050     0.000000    353005.90
   46000    63.844400    55.291600   100.000000    -0.520212    -0.137432    -0.673218     0.000000    353005.90
   46100    63.844400    55.291600   100.000000    -0.559452    -0.138412    -0.708292     0.000000    353005.90
   46200    63.844400    55.291600   100.000000    -0.566809    -0.144175    -0.701450     0.000000    353005.90
   46300    63.844400    55.291600   100.000000    -0.536372    -0.226632    -0.621390     0.000000    353005.90
   46400    63.844400    55.291600   100.000000    -0.586163    -0.133828    -0.709366     0.000000    353005.90
   46500    63.844400    55.291600   100.000000    -0.615240    -0.140594    -0.748003     0.000000    353005.90
   46600    63.844400    55.291600   100.000000    -0.578314    -0.194112    -0.738362     0.000000    353005.90
   46700    63.844400    55.291600   100.000000    -0.578724    -0.219280    -0.720889     0.000000    353005.90
   46800    63.844400    55.291600   100.000000    -0.643336    -0.192296    -0.689032     0.000000    353005.90
   46900    63.844400    55.291600   100.000000    -0.507442    -0.132210    -0.689712     0.000000    353005.90
   47000    63.844400    55.291600   100.000000    -0.431890    -0.138309    -0.688153     0.000000    353005.90
   47100    63.844400    55.291600   100.000000    -0.563619    -0.118831    -0.700874     0.000000    353005.90
   47200    63.844400    55.291600   100.000000    -0.478580    -0.196745    -0.720032     0.000000    353005.90
   47300    63.844400    55.291600   100.000000    -0.425077    -0.161353    -0.591960     0.000000    353005.90
   47400    63.844400    55.291600   100.000000    -0.431667    -0.102611    -0.644556     0.000000    353005.90
   47500    63.844400    55.291600   100.000000    -0.431417    -0.070293    -0.602471     0.000000    353005.90
   47600    63.844400    55.291600   100.000000    -0.381785     0.014136    -0.565373     0.000000    353005.90
   47700    63.844400    55.291600   100.000000    -0.396228    -0.095940    -0.659398     0.000000    353005.90
   47800    63.844400    55.291600   100.000000    -0.447475     0.030993    -0.596814     0.000000    353005.90
   47900    63.844400    55.291600   100.000000    -0.426174     0.060792    -0.546599     0.000000    353005.90
   48000    63.844400    55.291600   100.000000    -0.425604    -0.098019    -0.682851     0.000000    353005.90
   48100    63.844400    55.291600   100.000000    -0.305922    -0.165098    -0.550103     0.000000    353005.90
   48200    63.844400    55.291600   100.000000    -0.410964    -0.060902    -0.540350     0.000000    353005.90
   48300    63.844400    55.291600   100.000000    -0.447061    -0.033886    -0.593390     0.000000    353005.90
   48400    63.844400    55.291600   100.000000    -0.372608     0.026799    -0.548044     0.000000    353005.90
   48500    63.844400    55.291600   100.000000    -0.360585    -0.080381    -0.576707     0.000000    353005.90
   48600    63.844400    55.291600   100.000000    -0.435812    -0.099768    -0.627208     0.000000    353005.90
   48700    63.844400    55.291600   100.000000    -0.513794    -0.152930    -0.651636     0.000000    353005.90
   48800    63.844400    55.291600   100.000000    -0.517094    -0.149346    -0.674177     0.000000    353005.90
   48900    63.844400    55.291600   100.000000    -0.391497    -0.011032    -0.597726     0.000000    353005.90
   49000    63.844400    55.291600   100.000000    -0.398270    -0.027807    -0.520028     0.000000    353005.90
   49100    63.844400    55.291600   100.000000    -0.429771    -0.053202    -0.629941     0.000000    353005.90
   49200    63.844400    55.291600   100.000000    -0.396949    -0.003076    -0.563188     0.000000    353005.90
   49300    63.844400    55.291600   100.000000    -0.316244     0.002189    -0.516870     0.000000    353005.90
   49400    63.844400    55.291600   100.000000    -0.340035     0.015174    -0.575490     0.000000    353005.90
   49500    63.844400    55.291600   100.000000    -0.316040    -0.055176    -0.590337     0.000000    353005.90
   49600    63.844400    55.291600   100.000000    -0.369565    -0.055472    -0.562662     0.000000    353005.90
   49700    63.844400    55.291600   100.000000    -0.352748     0.060552    -0.503084     0.000000    353005.90
   49800    63.844400    55.291600   100.000000    -0.304002    -0.022669    -0.536832     0.000000    353005.90
   49900    63.844400    55.291600   100.000000    -0.248265     0.012390    -0.490585     0.000000    353005.90
   50000    63.844400    55.291600   100.000000    -0.347602    -0.042365    -0.518689     0.000000    353005.90
