     100        250.00        1.00       20.63        1.00        0.00
     200        250.00        1.00       20.73        1.00        0.00
     300        250.00        1.00       20.83        1.00        0.00
     400        250.00        1.00       20.93        1.00        0.00
     500        250.00        1.00       21.03        1.00        0.00
     600        250.00        1.00       21.13        1.00        0.00
     700        250.00        1.00       21.23        1.00        0.00
     800        250.00        1.00       21.33        1.00        0.00
     900        250.00        1.00       21.43        1.00        0.00
    1000        250.00        1.00       21.53        1.00        0.00
    1100        250.00        1.00       21.63        1.00        0.00
    1200        250.00        1.00       21.73        1.00        0.00
    1300        250.00        1.00       21.83        1.00        0.00
    1400        250.00        1.00       21.93        1.00        0.00
    1500        250.00        1.00       22.03        1.00        0.00
    1600        250.00        1.00       22.13        1.00        0.00
    1700        250.00        1.00       22.23        1.00        0.00
    1800        250.00        1.00       22.33        1.00        0.00
    1900        250.00        1.00       22.43        1.00        0.00
    2000        250.00        1.00       22.53        1.00        0.00
    2100        250.00        1.00       22.63        1.00        0.00
    2200        250.00        1.00       22.73        1.00        0.00
    2300        250.00        1.00       22.83        1.00        0.00
    2400        250.00        1.00       22.93        1.00        0.00
    2500        250.00        1.00       23.03        1.00        0.00
    2600        250.00        1.00       23.13        1.00        0.00
    2700        250.00        1.00       23.23        1.00        0.00
    2800        250.00        1.00       23.33        1.00        0.00
    2900        250.00        1.00       23.43        1.00        0.00
    3000        250.00        1.00       23.53        1.00        0.00
    3100        250.00        1.00       23.63        1.00        0.00
    3200        250.00        1.00       23.73        1.00        0.00
    3300        250.00        1.00       23.83        1.00        0.00
    3400        250.00        1.00       23.93        1.00        0.00
    3500        250.00        1.00       24.03        1.00        0.00
    3600        250.00        1.00       24.13        1.00        0.00
    3700        250.00        1.00       24.23        1.00        0.00
    3800        250.00        1.00       24.33        1.00        0.00
    3900        250.00        1.00       24.43        1.00        0.00
    4000        250.00        1.00       24.53        1.00        0.00
    4100        250.00        1.00       24.63        1.00        0.00
    4200        250.00        1.00       24.73        1.00        0.00
    4300        250.00        1.00       24.83        1.00        0.00
    4400        250.00        1.00       24.93        1.00        0.00
    4500        250.00        1.00       25.03        1.00        0.00
    4600        250.00        1.00       25.13        1.00        0.00
    4700        250.00        1.00       25.23        1.00        0.00
    4800        250.00        1.00       25.33        1.00        0.00
    4900        250.00        1.00       25.43        1.00        0.00
    5000        250.00        1.00       25.53        1.00        0.00
    5100        250.00        1.00       25.63        1.00        0.00
    5200        250.00        1.00       25.73        1.00        0.00
    5300        250.00        1.00       25.83        1.00        0.00
    5400        250.00        1.00       25.93        1.00        0.00
    5500        250.00        1.00       26.03        1.00        0.00
    5600        250.00        1.00       26.13        1.00        0.00
    5700        250.00        1.00       26.23        1.00        0.00
    5800        250.00        1.00       26.33        1.00        0.00
    5900        250.00        1.00       26.43        1.00        0.00
    6000        250.00        1.00       26.53        1.00        0.00
    6100        250.00        1.00       26.63        1.00        0.00
    6200        250.00        1.00       26.73        1.00        0.00
    6300        250.00        1.00       26.83        1.00        0.00
    6400        250.00        1.00       26.93        1.00        0.00
    6500        250.00        1.00       27.03        1.00        0.00
    6600        250.00        1.00       27.13        1.00        0.00
    6700        250.00        1.00       27.23        1.00        0.00
    6800        250.00        1.00       27.33        1.00        0.00
    6900        250.00        1.00       27.43        1.00        0.00
    7000        250.00        1.00       27.53        1.00        0.00
    7100        250.00        1.00       27.63        1.00        0.00
    7200        250.00        1.00       27.73        1.00        0.00
    7300        250.00        1.00       27.83        1.00        0.00
    7400        250.00        1.00       27.93        1.00        0.00
    7500        250.00        1.00       28.03        1.00        0.00
    7600        250.00        1.00       28.13        1.00        0.00
    7700        250.00        1.00       28.23        1.00        0.00
    7800        250.00        1.00       28.33        1.00        0.00
    7900        250.00        1.00       28.43        1.00        0.00
    8000        250.00        1.00       28.53        1.00        0.00
    8100        250.00        1.00       28.63        1.00        0.00
    8200        250.00        1.00       28.73        1.00        0.00
    8300        250.00        1.00       28.83        1.00        0.00
    8400        250.00        1.00       28.93        1.00        0.00
    8500        250.00        1.00       29.03        1.00        0.00
    8600        250.00        1.00       29.13        1.00        0.00
    8700        250.00        1.00       29.23        1.00        0.00
    8800        250.00        1.00       29.33        1.00        0.00
    8900        250.00        1.00       29.43        1.00        0.00
    9000        250.00        1.00       29.53        1.00        0.00
    9100        250.00        1.00       29.63        1.00        0.00
    9200        250.00        1.00       29.73        1.00        0.00
    9300        250.00        1.00       29.83        1.00        0.00
    9400        250.00        1.00       29.93        1.00        0.00
    9500        250.00        1.00       30.03        1.00        0.00
    9600        250.00        1.00       30.13        1.00        0.00
    9700        250.00        1.00       30.23        1.00        0.00
    9800        250.00        1.00       30.33        1.00        0.00
    9900        250.00        1.00       30.43        1.00        0.00
   10000        250.00        1.00       30.53        1.00        0.00
   10100        250.00        1.00       30.63        1.00        0.00
   10200        250.00        1.00       30.73        1.00        0.00
   10300        250.00        1.00       30.83        1.00        0.00
   10400        250.00        1.00       30.93        1.00        0.00
   10500        250.00        1.00       31.03        1.00        0.00
   10600        250.00        1.00       31.13        1.00        0.00
   10700        250.00        1.00       31.23        1.00        0.00
   10800        250.00        1.00       31.33        1.00        0.00
   10900        250.00        1.00       31.43        1.00        0.00
   11000        250.00        1.00       31.53        1.00        0.00
   11100        250.00        1.00       31.63        1.00        0.00
   11200        250.00        1.00       31.73        1.00        0.00
   11300        250.00        1.00       31.83        1.00        0.00
   11400        250.00        1.00       31.93        1.00        0.00
   11500        250.00        1.00       32.03        1.00        0.00
   11600        250.00        1.00       32.13        1.00        0.00
   11700        250.00        1.00       32.23        1.00        0.00
   11800        250.00        1.00       32.33        1.00        0.00
   11900        250.00        1.00       32.43        1.00        0.00
   12000        250.00        1.00       32.53        1.00        0.00
   12100        250.00        1.00       32.63        1.00        0.00
   12200        250.00        1.00       32.73        1.00        0.00
   12300        250.00        1.00       32.83        1.00        0.00
   12400        250.00        1.00       32.93        1.00        0.00
   12500        250.00        1.00       33.03        1.00        0.00
   12600        250.00        1.00       33.13        1.00        0.00
   12700        250.00        1.00       33.23        1.00        0.00
   12800        250.00        1.00       33.33        1.00        0.00
   12900        250.00        1.00       33.43        1.00        0.00
   13000        250.00        1.00       33.53        1.00        0.00
   13100        250.00        1.00       33.63        1.00        0.00
   13200        250.00        1.00       33.73        1.00        0.00
   13300        250.00        1.00       33.83        1.00        0.00
   13400        250.00        1.00       33.93        1.00        0.00
   13500        250.00        1.00       34.03        1.00        0.00
   13600        250.00        1.00       34.13        1.00        0.00
   13700        250.00        1.00       34.23        1.00        0.00
   13800        250.00        1.00       34.33        1.00        0.00
   13900        250.00        1.00       34.43        1.00        0.00
   14000        250.00        1.00       34.53        1.00        0.00
   14100        250.00        1.00       34.63        1.00        0.00
   14200        250.00        1.00       34.73        1.00        0.00
   14300        250.00        1.00       34.83        1.00        0.00
   14400        250.00        1.00       34.93        1.00        0.00
   14500        250.00        1.00       35.03        1.00        0.00
   14600        250.00        1.00       35.13        1.00        0.00
   14700        250.00        1.00       35.23        1.00        0.00
   14800        250.00        1.00       35.33        1.00        0.00
   14900        250.00        1.00       35.43        1.00        0.00
   15000        250.00        1.00       35.53        1.00        0.00
   15100        250.00        1.00       35.63        1.00        0.00
   15200        250.00        1.00       35.73        1.00        0.00
   15300        250.00        1.00       35.83        1.00        0.00
   15400        250.00        1.00       35.93        1.00        0.00
   15500        250.00        1.00       36.03        1.00        0.00
   15600        250.00        1.00       36.13        1.00        0.00
   15700        250.00        1.00       36.23        1.00        0.00
   15800        250.00        1.00       36.33        1.00        0.00
   15900        250.00        1.00       36.43        1.00        0.00
   16000        250.00        1.00       36.53        1.00        0.00
   16100        250.00        1.00       36.63        1.00        0.00
   16200        250.00        1.00       36.73        1.00        0.00
   16300        250.00        1.00       36.83        1.00        0.00
   16400        250.00        1.00       36.93        1.00        0.00
   16500        250.00        1.00       37.03        1.00        0.00
   16600        250.00        1.00       37.13        1.00        0.00
   16700        250.00        1.00       37.23        1.00        0.00
   16800        250.00        1.00       37.33        1.00        0.00
   16900        250.00        1.00       37.43        1.00        0.00
   17000        250.00        1.00       37.53        1.00        0.00
   17100        250.00        1.00       37.63        1.00        0.00
   17200        250.00        1.00       37.73        1.00        0.00
   17300        250.00        1.00       37.83        1.00        0.00
   17400        250.00        1.00       37.93        1.00        0.00
   17500        250.00        1.00       38.03        1.00        0.00
   17600        250.00        1.00       38.13        1.00        0.00
   17700        250.00        1.00       38.23        1.00        0.00
   17800        250.00        1.00       38.33        1.00        0.00
   17900        250.00        1.00       38.43        1.00        0.00
   18000        250.00        1.00       38.53        1.00        0.00
   18100        250.00        1.00       38.63        1.00        0.00
   18200        250.00        1.00       38.73        1.00        0.00
   18300        250.00        1.00       38.83        1.00        0.00
   18400        250.00        1.00       38.93        1.00        0.00
   18500        250.00        1.00       39.03        1.00        0.00
   18600        250.00        1.00       39.13        1.00        0.00
   18700        250.00        1.00       39.23        1.00        0.00
   18800        250.00        1.00       39.33        1.00        0.00
   18900        250.00        1.00       39.43        1.00        0.00
   19000        250.00        1.00       39.53        1.00        0.00
   19100        250.00        1.00       39.63        1.00        0.00
   19200        250.00        1.00       39.73        1.00        0.00
   19300        250.00        1.00       39.83        1.00        0.00
   19400        250.00        1.00       39.93        1.00        0.00
   19500        250.00        1.00       40.03        1.00        0.00
   19600        250.00        1.00       40.13        1.00        0.00
   19700        250.00        1.00       40.23        1.00        0.00
   19800        250.00        1.00       40.33        1.00        0.00
   19900        250.00        1.00       40.43        1.00        0.00
   20000        250.00        1.00       40.53        1.00        0.00
   20100        250.00        1.00       40.63        1.00        0.00
   20200        250.00        1.00       40.73        1.00        0.00
   20300        250.00        1.00       40.83        1.00        0.00
   20400        250.00        1.00       40.93        1.00        0.00
   20500        250.00        1.00       41.03        1.00        0.00
   20600        250.00        1.00       41.13        1.00        0.00
   20700        250.00        1.00       41.23        1.00        0.00
   20800        250.00        1.00       41.33        1.00        0.00
   20900        250.00        1.00       41.43        1.00        0.00
   21000        250.00        1.00       41.53        1.00        0.00
   21100        250.00        1.00       41.63        1.00        0.00
   21200        250.00        1.00       41.73        1.00        0.00
   21300        250.00        1.00       41.83        1.00        0.00
   21400        250.00        1.00       41.93        1.00        0.00
   21500        250.00        1.00       42.03        1.00        0.00
   21600        250.00        1.00       42.13        1.00        0.00
   21700        250.00        1.00       42.23        1.00        0.00
   21800        250.00        1.00       42.33        1.00        0.00
   21900        250.00        1.00       42.43        1.00        0.00
   22000        250.00        1.00       42.53        1.00        0.00
   22100        250.00        1.00       42.63        1.00        0.00
   22200        250.00        1.00       42.73        1.00        0.00
   22300        250.00        1.00       42.83        1.00        0.00
   22400        250.00        1.00       42.93        1.00        0.00
   22500        250.00        1.00       43.03        1.00        0.00
   22600        250.00        1.00       43.13        1.00        0.00
   22700        250.00        1.00       43.23        1.00        0.00
   22800        250.00        1.00       43.33        1.00        0.00
   22900        250.00        1.00       43.43        1.00        0.00
   23000        250.00        1.00       43.53        1.00        0.00
   23100        250.00        1.00       43.63        1.00        0.00
   23200        250.00        1.00       43.73        1.00        0.00
   23300        250.00        1.00       43.83        1.00        0.00
   23400        250.00        1.00       43.93        1.00        0.00
   23500        250.00        1.00       44.03        1.00        0.00
   23600        250.00        1.00       44.13        1.00        0.00
   23700        250.00        1.00       44.23        1.00        0.00
   23800        250.00        1.00       44.33        1.00        0.00
   23900        250.00        1.00       44.43        1.00        0.00
   24000        250.00        1.00       44.53        1.00        0.00
   24100        250.00        1.00       44.63        1.00        0.00
   24200        250.00        1.00       44.73        1.00        0.00
   24300        250.00        1.00       44.83        1.00        0.00
   24400        250.00        1.00       44.93        1.00        0.00
   24500        250.00        1.00       45.03        1.00        0.00
   24600        250.00        1.00       45.13        1.00        0.00
   24700        250.00        1.00       45.23        1.00        0.00
   24800        250.00        1.00       45.33        1.00        0.00
   24900        250.00        1.00       45.43        1.00        0.00
   25000        250.00        1.00       45.53        1.00        0.00
   25100        250.00        1.00       45.63        1.00        0.00
   25200        250.00        1.00       45.73        1.00        0.00
   25300        250.00        1.00       45.83        1.00        0.00
   25400        250.00        1.00       45.93        1.00        0.00
   25500        250.00        1.00       46.03        1.00        0.00
   25600        250.00        1.00       46.13        1.00        0.00
   25700        250.00        1.00       46.23        1.00        0.00
   25800        250.00        1.00       46.33        1.00        0.00
   25900        250.00        1.00       46.43        1.00        0.00
   26000        250.00        1.00       46.53        1.00        0.00
   26100        250.00        1.00       46.63        1.00        0.00
   26200        250.00        1.00       46.73        1.00        0.00
   26300        250.00        1.00       46.83        1.00        0.00
   26400        250.00        1.00       46.93        1.00        0.00
   26500        250.00        1.00       47.03        1.00        0.00
   26600        250.00        1.00       47.13        1.00        0.00
   26700        250.00        1.00       47.23        1.00        0.00
   26800        250.00        1.00       47.33        1.00        0.00
   26900        250.00        1.00       47.43        1.00        0.00
   27000        250.00        1.00       47.53        1.00        0.00
   27100        250.00        1.00       47.63        1.00        0.00
   27200        250.00        1.00       47.73        1.00        0.00
   27300        250.00        1.00       47.83        1.00        0.00
   27400        250.00        1.00       47.93        1.00        0.00
   27500        250.00        1.00       48.03        1.00        0.00
   27600        250.00        1.00       48.13        1.00        0.00
   27700        250.00        1.00       48.23        1.00        0.00
   27800        250.00        1.00       48.33        1.00        0.00
   27900        250.00        1.00       48.43        1.00        0.00
   28000        250.00        1.00       48.53        1.00        0.00
   28100        250.00        1.00       48.63        1.00        0.00
   28200        250.00        1.00       48.73        1.00        0.00
   28300        250.00        1.00       48.83        1.00        0.00
   28400        250.00        1.00       48.93        1.00        0.00
   28500        250.00        1.00       49.03        1.00        0.00
   28600        250.00        1.00       49.13        1.00        0.00
   28700        250.00        1.00       49.23        1.00        0.00
   28800        250.00        1.00       49.33        1.00        0.00
   28900        250.00        1.00       49.43        1.00        0.00
   29000        250.00        1.00       49.53        1.00        0.00
   29100        250.00        1.00       49.63        1.00        0.00
   29200        250.00        1.00       49.73        1.00        0.00
   29300        250.00        1.00       49.83        1.00        0.00
   29400        250.00        1.00       49.93        1.00        0.00
   29500        250.00        1.00       50.03        1.00        0.00
   29600        250.00        1.00       50.13        1.00        0.00
   29700        250.00        1.00       50.23        1.00        0.00
   29800        250.00        1.00       50.33        1.00        0.00
   29900        250.00        1.00       50.43        1.00        0.00
   30000        250.00        1.00       50.53        1.00        0.00
   30100        250.00        1.00       50.63        1.00        0.00
   30200        250.00        1.00       50.73        1.00        0.00
   30300        250.00        1.00       50.83        1.00        0.00
   30400        250.00        1.00       50.93        1.00        0.00
   30500        250.00        1.00       51.03        1.00        0.00
   30600        250.00        1.00       51.13        1.00        0.00
   30700        250.00        1.00       51.23        1.00        0.00
   30800        250.00        1.00       51.33        1.00        0.00
   30900        250.00        1.00       51.43        1.00        0.00
   31000        250.00        1.00       51.53        1.00        0.00
   31100        250.00        1.00       51.63        1.00        0.00
   31200        250.00        1.00       51.73        1.00        0.00
   31300        250.00        1.00       51.83        1.00        0.00
   31400        250.00        1.00       51.93        1.00        0.00
   31500        250.00        1.00       52.03        1.00        0.00
   31600        250.00        1.00       52.13        1.00        0.00
   31700        250.00        1.00       52.23        1.00        0.00
   31800        250.00        1.00       52.33        1.00        0.00
   31900        250.00        1.00       52.43        1.00        0.00
   32000        250.00        1.00       52.53        1.00        0.00
   32100        250.00        1.00       52.63        1.00        0.00
   32200        250.00        1.00       52.73        1.00        0.00
   32300        250.00        1.00       52.83        1.00        0.00
   32400        250.00        1.00       52.93        1.00        0.00
   32500        250.00        1.00       53.03        1.00        0.00
   32600        250.00        1.00       53.13        1.00        0.00
   32700        250.00        1.00       53.23        1.00        0.00
   32800        250.00        1.00       53.33        1.00        0.00
   32900        250.00        1.00       53.43        1.00        0.00
   33000        250.00        1.00       53.53        1.00        0.00
   33100        250.00        1.00       53.63        1.00        0.00
   33200        250.00        1.00       53.73        1.00        0.00
   33300        250.00        1.00       53.83        1.00        0.00
   33400        250.00        1.00       53.93        1.00        0.00
   33500        250.00        1.00       54.03        1.00        0.00
   33600        250.00        1.00       54.13        1.00        0.00
   33700        250.00        1.00       54.23        1.00        0.00
   33800        250.00        1.00       54.33        1.00        0.00
   33900        250.00        1.00       54.43        1.00        0.00
   34000        250.00        1.00       54.53        1.00        0.00
   34100        250.00        1.00       54.63        1.00        0.00
   34200        250.00        1.00       54.73        1.00        0.00
   34300        250.00        1.00       54.83        1.00        0.00
   34400        250.00        1.00       54.93        1.00        0.00
   34500        250.00        1.00       55.03        1.00        0.00
   34600        250.00        1.00       55.13        1.00        0.00
   34700        250.00        1.00       55.23        1.00        0.00
   34800        250.00        1.00       55.33        1.00        0.00
   34900        250.00        1.00       55.43        1.00        0.00
   35000        250.00        1.00       55.53        1.00        0.00
   35100        250.00        1.00       55.63        1.00        0.00
   35200        250.00        1.00       55.73        1.00        0.00
   35300        250.00        1.00       55.83        1.00        0.00
   35400        250.00        1.00       55.93        1.00        0.00
   35500        250.00        1.00       56.03        1.00        0.00
   35600        250.00        1.00       56.13        1.00        0.00
   35700        250.00        1.00       56.23        1.00        0.00
   35800        250.00        1.00       56.33        1.00        0.00
   35900        250.00        1.00       56.43        1.00        0.00
   36000        250.00        1.00       56.53        1.00        0.00
   36100        250.00        1.00       56.63        1.00        0.00
   36200        250.00        1.00       56.73        1.00        0.00
   36300        250.00        1.00       56.83        1.00        0.00
   36400        250.00        1.00       56.93        1.00        0.00
   36500        250.00        1.00       57.03        1.00        0.00
   36600        250.00        1.00       57.13        1.00        0.00
   36700        250.00        1.00       57.23        1.00        0.00
   36800        250.00        1.00       57.33        1.00        0.00
   36900        250.00        1.00       57.43        1.00        0.00
   37000        250.00        1.00       57.53        1.00        0.00
   37100        250.00        1.00       57.63        1.00        0.00
   37200        250.00        1.00       57.73        1.00        0.00
   37300        250.00        1.00       57.83        1.00        0.00
   37400        250.00        1.00       57.93        1.00        0.00
   37500        250.00        1.00       58.03        1.00        0.00
   37600        250.00        1.00       58.13        1.00        0.00
   37700        250.00        1.00       58.23        1.00        0.00
   37800        250.00        1.00       58.33        1.00        0.00
   37900        250.00        1.00       58.43        1.00        0.00
   38000        250.00        1.00       58.53        1.00        0.00
   38100        250.00        1.00       58.63        1.00        0.00
   38200        250.00        1.00       58.73        1.00        0.00
   38300        250.00        1.00       58.83        1.00        0.00
   38400        250.00        1.00       58.93        1.00        0.00
   38500        250.00        1.00       59.03        1.00        0.00
   38600        250.00        1.00       59.13        1.00        0.00
   38700        250.00        1.00       59.23        1.00        0.00
   38800        250.00        1.00       59.33        1.00        0.00
   38900        250.00        1.00       59.43        1.00        0.00
   39000        250.00        1.00       59.53        1.00        0.00
   39100        250.00        1.00       59.63        1.00        0.00
   39200        250.00        1.00       59.73        1.00        0.00
   39300        250.00        1.00       59.83        1.00        0.00
   39400        250.00        1.00       59.93        1.00        0.00
   39500        250.00        1.00       60.03        1.00        0.00
   39600        250.00        1.00       60.13        1.00        0.00
   39700        250.00        1.00       60.23        1.00        0.00
   39800        250.00        1.00       60.33        1.00        0.00
   39900        250.00        1.00       60.43        1.00        0.00
   40000        250.00        1.00       60.53        1.00        0.00
   40100        250.00        1.00       60.63        1.00        0.00
   40200        250.00        1.00       60.73        1.00        0.00
   40300        250.00        1.00       60.83        1.00        0.00
   40400        250.00        1.00       60.93        1.00        0.00
   40500        250.00        1.00       61.03        1.00        0.00
   40600        250.00        1.00       61.13        1.00        0.00
   40700        250.00        1.00       61.23        1.00        0.00
   40800        250.00        1.00       61.33        1.00        0.00
   40900        250.00        1.00       61.43        1.00        0.00
   41000        250.00        1.00       61.53        1.00        0.00
   41100        250.00        1.00       61.63        1.00        0.00
   41200        250.00        1.00       61.73        1.00        0.00
   41300        250.00        1.00       61.83        1.00        0.00
   41400        250.00        1.00       61.93        1.00        0.00
   41500        250.00        1.00       62.03        1.00        0.00
   41600        250.00        1.00       62.13        1.00        0.00
   41700        250.00        1.00       62.23        1.00        0.00
   41800        250.00        1.00       62.33        1.00        0.00
   41900        250.00        1.00       62.43        1.00        0.00
   42000        250.00        1.00       62.53        1.00        0.00
   42100        250.00        1.00       62.63        1.00        0.00
   42200        250.00        1.00       62.73        1.00        0.00
   42300        250.00        1.00       62.83        1.00        0.00
   42400        250.00        1.00       62.93        1.00        0.00
   42500        250.00        1.00       63.03        1.00        0.00
   42600        250.00        1.00       63.13        1.00        0.00
   42700        250.00        1.00       63.23        1.00        0.00
   42800        250.00        1.00       63.33        1.00        0.00
   42900        250.00        1.00       63.43        1.00        0.00
   43000        250.00        1.00       63.53        1.00        0.00
   43100        250.00        1.00       63.63        1.00        0.00
   43200        250.00        1.00       63.73        1.00        0.00
   43300        250.00        1.00       63.83        1.00        0.00
   43400        250.00        1.00       63.93        1.00        0.00
   43500        250.00        1.00       64.03        1.00        0.00
   43600        250.00        1.00       64.13        1.00        0.00
   43700        250.00        1.00       64.23        1.00        0.00
   43800        250.00        1.00       64.33        1.00        0.00
   43900        250.00        1.00       64.43        1.00        0.00
   44000        250.00        1.00       64.53        1.00        0.00
   44100        250.00        1.00       64.63        1.00        0.00
   44200        250.00        1.00       64.73        1.00        0.00
   44300        250.00        1.00       64.83        1.00        0.00
   44400        250.00        1.00       64.93        1.00        0.00
   44500        250.00        1.00       65.03        1.00        0.00
   44600        250.00        1.00       65.13        1.00        0.00
   44700        250.00        1.00       65.23        1.00        0.00
   44800        250.00        1.00       65.33        1.00        0.00
   44900        250.00        1.00       65.43        1.00        0.00
   45000        250.00        1.00       65.53        1.00        0.00
   45100        250.00        1.00       65.63        1.00        0.00
   45200        250.00        1.00       65.73        1.00        0.00
   45300        250.00        1.00       65.83        1.00        0.00
   45400        250.00        1.00       65.93        1.00        0.00
   45500        250.00        1.00       66.03        1.00        0.00
   45600        250.00        1.00       66.13        1.00        0.00
   45700        250.00        1.00       66.23        1.00        0.00
   45800        250.00        1.00       66.33        1.00        0.00
   45900        250.00        1.00       66.43        1.00        0.00
   46000        250.00        1.00       66.53        1.00        0.00
   46100        250.00        1.00       66.63        1.00        0.00
   46200        250.00        1.00       66.73        1.00        0.00
   46300        250.00        1.00       66.83        1.00        0.00
   46400        250.00        1.00       66.93        1.00        0.00
   46500        250.00        1.00       67.03        1.00        0.00
   46600        250.00        1.00       67.13        1.00        0.00
   46700        250.00        1.00       67.23        1.00        0.00
   46800        250.00        1.00       67.33        1.00        0.00
   46900        250.00        1.00       67.43        1.00        0.00
   47000        250.00        1.00       67.53        1.00        0.00
   47100        250.00        1.00       67.63        1.00        0.00
   47200        250.00        1.00       67.73        1.00        0.00
   47300        250.00        1.00       67.83        1.00        0.00
   47400        250.00        1.00       67.93        1.00        0.00
   47500        250.00        1.00       68.03        1.00        0.00
   47600        250.00        1.00       68.13        1.00        0.00
   47700        250.00        1.00       68.23        1.00        0.00
   47800        250.00        1.00       68.33        1.00        0.00
   47900        250.00        1.00       68.43        1.00        0.00
   48000        250.00        1.00       68.53        1.00        0.00
   48100        250.00        1.00       68.63        1.00        0.00
   48200        250.00        1.00       68.73        1.00        0.00
   48300        250.00        1.00       68.83        1.00        0.00
   48400        250.00        1.00       68.93        1.00        0.00
   48500        250.00        1.00       69.03        1.00        0.00
   48600        250.00        1.00       69.13        1.00        0.00
   48700        250.00        1.00       69.23        1.00        0.00
   48800        250.00        1.00       69.33        1.00        0.00
   48900        250.00        1.00       69.43        1.00        0.00
   49000        250.00        1.00       69.53        1.00        0.00
   49100        250.00        1.00       69.63        1.00        0.00
   49200        250.00        1.00       69.73        1.00        0.00
   49300        250.00        1.00       69.83        1.00        0.00
   49400        250.00        1.00       69.93        1.00        0.00
   49500        250.00        1.00       70.03        1.00        0.00
   49600        250.00        1.00       70.13        1.00        0.00
   49700        250.00        1.00       70.23        1.00        0.00
   49800        250.00        1.00       70.33        1.00        0.00
   49900        250.00        1.00       70.43        1.00        0.00
   50000        250.00        1.00       70.53        1.00        0.00
