 63.84440000 55.29160                                        
   Iter.            Ebond              Eatom                Elp               Emol               Eval               Ecoa               Ehbo              Etors              Econj               Evdw              Ecoul            Echarge             Efield             Eelec
   Iter.            Ebond              Eatom                Elp               Emol               Eval               Ecoa               Ehbo              Etors              Econj               Evdw              Ecoul            Echarge             Efield             Erestr             Eelec              Etotal
       0   -434355.86612456     -8714.74498083         0.03880967         0.00000000     52207.06236839         0.00000000         0.00000000      6992.87336077     -2133.52136859     30780.08270568    -21644.23626946      -966.81175092         0.00000000         0.00000000         0.00000000   -377835.12324985
     100   -432134.47498992     -8894.54650522         0.04464652         0.00000000     50117.08221997         0.00000000         0.00000000      6992.82142974     -2136.55021248     30510.58866508    -22534.58698856      -392.82252476         0.00000000         0.00000000         0.00000000   -378472.44425964
     200   -432136.08179721     -8893.69558303         0.04426294         0.00000000     50117.42144679         0.00000000         0.00000000      6992.78646560     -2136.74814576     30511.32251840    -22534.94674347      -392.55169540         0.00000000         0.00000000         0.00000000   -378472.44927113
     300   -432135.99112079     -8893.68818547         0.04454504         0.00000000     50116.86276551         0.00000000         0.00000000      6992.84980611     -2136.68470682     30511.50428875    -22534.50750666      -392.81134703         0.00000000         0.00000000         0.00000000   -378472.42146135
     400   -432136.12093606     -8893.32316088         0.04503684         0.00000000     50116.42233637         0.00000000         0.00000000      6992.87758274     -2136.77205454     30511.75084490    -22534.05415752      -393.23404381         0.00000000         0.00000000         0.00000000   -378472.40855196
     500   -432136.66898099     -8893.03180115         0.04478154         0.00000000     50117.29310072         0.00000000         0.00000000      6992.55038724     -2136.70688428     30511.69115894    -22534.67817752      -392.81130657         0.00000000         0.00000000         0.00000000   -378472.31772208
     600   -432135.86642895     -8893.49835013         0.04342643         0.00000000     50116.45409549         0.00000000         0.00000000      6992.73921668     -2136.77719731     30511.76769789    -22533.92562277      -393.24854601         0.00000000         0.00000000         0.00000000   -378472.31170868
     700   -432137.67052268     -8893.91373190         0.04359674         0.00000000     50118.41533787         0.00000000         0.00000000      6993.18028967     -2136.75969567     30512.23638030    -22534.54041614      -392.84580071         0.00000000         0.00000000         0.00000000   -378471.85456252
     800   -432134.99356886     -8893.48690475         0.03916440         0.00000000     50116.26605976         0.00000000         0.00000000      6993.16527243     -2136.51974513     30511.31918569    -22534.44516885      -392.89890936         0.00000000         0.00000000         0.00000000   -378471.55461467
     900   -432134.37562661     -8894.09260229         0.03910493         0.00000000     50116.31427472         0.00000000         0.00000000      6993.10595217     -2136.36831243     30511.15195744    -22534.46810978      -392.89127332         0.00000000         0.00000000         0.00000000   -378471.58463517
    1000   -432136.04161433     -8894.17764873         0.02841016         0.00000000     50118.51545031         0.00000000         0.00000000      6993.54246564     -2136.55682123     30511.58926006    -22534.01515684      -393.16702955         0.00000000         0.00000000         0.00000000   -378470.28268452
    1100   -432135.79534850     -8893.95177786         0.03864850         0.00000000     50117.11221099         0.00000000         0.00000000      6993.25426104     -2136.50818372     30511.57772437    -22534.46535083      -392.88602765         0.00000000         0.00000000         0.00000000   -378471.62384366
    1200   -432135.36435192     -8893.97108512         0.03828444         0.00000000     50116.91500956         0.00000000         0.00000000      6993.10533795     -2136.42631867     30511.39518374    -22534.52623557      -392.85381116         0.00000000         0.00000000         0.00000000   -378471.68798676
    1300   -432135.09576622     -8894.04234747         0.03868033         0.00000000     50116.99713973         0.00000000         0.00000000      6992.98079781     -2136.29446323     30511.31009493    -22534.54569464      -392.83198957         0.00000000         0.00000000         0.00000000   -378471.48354834
    1400   -432136.45753455     -8894.28006425         0.03925931         0.00000000     50117.89483756         0.00000000         0.00000000      6993.39685849     -2136.43156065     30511.80024935    -22534.46761695      -392.89004207         0.00000000         0.00000000         0.00000000   -378471.39561376
    1500   -432136.33610294     -8894.06785319         0.03868238         0.00000000     50117.87652546         0.00000000         0.00000000      6993.07560454     -2136.61952085     30511.71977031    -22534.47787531      -392.87634678         0.00000000         0.00000000         0.00000000   -378471.66711638
    1600   -432135.30096660     -8894.08714672         0.03696327         0.00000000     50117.57065957         0.00000000         0.00000000      6992.91477777     -2136.56515638     30511.38353707    -22534.38702106      -392.93739062         0.00000000         0.00000000         0.00000000   -378471.37174369
    1700   -432134.84727930     -8893.74369452         0.03752178         0.00000000     50116.99152971         0.00000000         0.00000000      6992.87862540     -2136.62326602     30511.21385972    -22534.39941426      -392.92434000         0.00000000         0.00000000         0.00000000   -378471.41645750
    1800   -432136.08911416     -8894.58375454         0.03617271         0.00000000     50118.24492753         0.00000000         0.00000000      6993.37386808     -2136.49548033     30511.67440817    -22534.44505661      -392.88776544         0.00000000         0.00000000         0.00000000   -378471.17179458
    1900   -432132.16696659     -8892.91912559         0.03774673         0.00000000     50114.58248303         0.00000000         0.00000000      6992.65939367     -2136.25018045     30510.35019574    -22534.47330568      -392.86321857         0.00000000         0.00000000         0.00000000   -378471.04297772
    2000   -432133.92648518     -8893.73117084         0.03720040         0.00000000     50115.81832765         0.00000000         0.00000000      6993.08701453     -2136.33699038     30511.00934655    -22534.39430574      -392.92980779         0.00000000         0.00000000         0.00000000   -378471.36687079
    2100   -432135.63435589     -8894.50723313         0.04061214         0.00000000     50117.26999515         0.00000000         0.00000000      6993.32926638     -2136.35695455     30511.59394754    -22534.49197611      -392.86568105         0.00000000         0.00000000         0.00000000   -378471.62237951
    2200   -432137.82392177     -8895.47540190         0.03798300         0.00000000     50120.20660654         0.00000000         0.00000000      6993.82515227     -2136.38793457     30512.40978419    -22534.24571062      -393.05387419         0.00000000         0.00000000         0.00000000   -378470.50731705
    2300   -432135.15121535     -8895.72804319         0.03810906         0.00000000     50117.60253943         0.00000000         0.00000000      6993.91004253     -2136.07115360     30511.61189797    -22534.40478701      -392.92200099         0.00000000         0.00000000         0.00000000   -378471.11461116
    2400   -432136.37006538     -8894.12125889         0.04054362         0.00000000     50117.65572231         0.00000000         0.00000000      6993.09875405     -2136.64946429     30511.73534717    -22534.58569822      -392.81156590         0.00000000         0.00000000         0.00000000   -378472.00768552
    2500   -432136.69929161     -8894.86014657         0.03787912         0.00000000     50118.68639778         0.00000000         0.00000000      6993.47327754     -2136.23544854     30511.87377181    -22534.42475727      -392.89932599         0.00000000         0.00000000         0.00000000   -378471.04764373
    2600   -432137.25586511     -8894.26673271         0.03410664         0.00000000     50119.17890281         0.00000000         0.00000000      6993.28592028     -2136.64026893     30512.05131401    -22534.26391539      -393.03129689         0.00000000         0.00000000         0.00000000   -378470.90783529
    2700   -432136.26963116     -8894.04958557         0.03954566         0.00000000     50117.28756882         0.00000000         0.00000000      6993.31790140     -2136.56215016     30511.71808503    -22534.53180562      -392.83752937         0.00000000         0.00000000         0.00000000   -378471.88760097
    2800   -432135.09093435     -8894.41925144         0.03885945         0.00000000     50116.89251436         0.00000000         0.00000000      6993.27947254     -2136.33591425     30511.44011147    -22534.46526803      -392.88640101         0.00000000         0.00000000         0.00000000   -378471.54681125
    2900   -432135.28379785     -8894.36162722         0.03472090         0.00000000     50117.11079609         0.00000000         0.00000000      6993.63600420     -2135.98253855     30511.54719886    -22534.21623248      -393.05752722         0.00000000         0.00000000         0.00000000   -378470.57300328
    3000   -432136.01408542     -8893.82670529         0.03708373         0.00000000     50117.50450039         0.00000000         0.00000000      6993.00002300     -2136.55014030     30511.61686274    -22534.44901714      -392.88451652         0.00000000         0.00000000         0.00000000   -378471.56599481
    3100   -432135.64917239     -8894.26550946         0.03928841         0.00000000     50117.60465341         0.00000000         0.00000000      6992.91575504     -2136.56188528     30511.47748315    -22534.54936527      -392.84078435         0.00000000         0.00000000         0.00000000   -378471.82953673
    3200   -432133.61492234     -8892.21312540         0.03723944         0.00000000     50115.06909051         0.00000000         0.00000000      6993.06138094     -2136.17137648     30511.00852843    -22534.12981245      -393.12336419         0.00000000         0.00000000         0.00000000   -378470.07636155
    3300   -432135.47825748     -8894.75076427         0.03732084         0.00000000     50117.83339657         0.00000000         0.00000000      6993.25609322     -2136.55663995     30511.58236018    -22534.32846562      -392.96613683         0.00000000         0.00000000         0.00000000   -378471.37109334
    3400   -432134.87698351     -8894.78714235         0.03601457         0.00000000     50117.58968135         0.00000000         0.00000000      6993.60583420     -2136.26946369     30511.48171580    -22534.16704443      -393.10148571         0.00000000         0.00000000         0.00000000   -378470.48887376
    3500   -432133.32630704     -8893.48493054         0.03753427         0.00000000     50115.20232941         0.00000000         0.00000000      6992.95878256     -2136.37510774     30510.79026262    -22534.46093260      -392.86776023         0.00000000         0.00000000         0.00000000   -378471.52612928
    3600   -432136.25534097     -8893.33966733         0.04092981         0.00000000     50118.20098177         0.00000000         0.00000000      6992.65122297     -2136.86927746     30511.22279191    -22535.53672483      -392.25573926         0.00000000         0.00000000         0.00000000   -378472.14082339
    3700   -432136.30628898     -8894.09337259         0.03996597         0.00000000     50118.32103017         0.00000000         0.00000000      6993.11491135     -2136.54857584     30511.30450007    -22535.54217709      -392.25809335         0.00000000         0.00000000         0.00000000   -378471.96810028
    3800   -432137.42240126     -8893.90835034         0.03901078         0.00000000     50118.65813131         0.00000000         0.00000000      6993.64937988     -2136.71263523     30511.62840947    -22535.66939669      -392.17958995         0.00000000         0.00000000         0.00000000   -378471.91744202
    3900   -432136.07799067     -8894.13470753         0.04028949         0.00000000     50118.06838319         0.00000000         0.00000000      6993.50494819     -2136.28919095     30511.23408271    -22535.63703408      -392.19431844         0.00000000         0.00000000         0.00000000   -378471.48553809
    4000   -432135.34301604     -8894.43447112         0.03935679         0.00000000     50117.90766975         0.00000000         0.00000000      6993.67484388     -2136.43567142     30511.01723371    -22535.75980322      -392.10531094         0.00000000         0.00000000         0.00000000   -378471.43916861
    4100   -432136.05101005     -8893.74155695         0.03890990         0.00000000     50118.11876510         0.00000000         0.00000000      6993.10444629     -2136.51273773     30511.15511286    -22535.66127032      -392.17666218         0.00000000         0.00000000         0.00000000   -378471.72600309
    4200   -432136.94590862     -8893.84838217         0.03814760         0.00000000     50118.63025637         0.00000000         0.00000000      6993.11481946     -2136.72770177     30511.50271120    -22535.53432133      -392.25873014         0.00000000         0.00000000         0.00000000   -378472.02910940
    4300   -432136.11701493     -8894.53409483         0.03844350         0.00000000     50118.39347249         0.00000000         0.00000000      6993.66975453     -2136.43692221     30511.26261503    -22535.72862349      -392.13974636         0.00000000         0.00000000         0.00000000   -378471.59211627
    4400   -432137.15319787     -8893.81497951         0.03843994         0.00000000     50118.82279066         0.00000000         0.00000000      6993.21459777     -2136.55558946     30511.52149140    -22535.59352257      -392.21189331         0.00000000         0.00000000         0.00000000   -378471.73186296
    4500   -432134.27991365     -8893.33306060         0.03705263         0.00000000     50116.70288654         0.00000000         0.00000000      6993.38151942     -2136.16610148     30510.56621897    -22535.86102217      -392.02464519         0.00000000         0.00000000         0.00000000   -378470.97706555
    4600   -432136.80110419     -8893.51733898         0.03962712         0.00000000     50118.59165235         0.00000000         0.00000000      6993.05068420     -2136.64865450     30511.38829190    -22535.65028743      -392.19473246         0.00000000         0.00000000         0.00000000   -378471.74186198
    4700   -432137.81132330     -8894.61983187         0.04007259         0.00000000     50120.04401636         0.00000000         0.00000000      6993.49521456     -2136.42672789     30511.78299801    -22535.69507314      -392.13117349         0.00000000         0.00000000         0.00000000   -378471.32182815
    4800   -432137.22221556     -8894.63219971         0.03330702         0.00000000     50120.67095447         0.00000000         0.00000000      6993.60014352     -2136.51772146     30511.56808678    -22535.99682130      -391.93475508         0.00000000         0.00000000         0.00000000   -378470.43122133
    4900   -432137.04714532     -8893.54566299         0.03610472         0.00000000     50119.07554951         0.00000000         0.00000000      6993.65837866     -2136.18474965     30511.41883992    -22535.85640791      -392.04005506         0.00000000         0.00000000         0.00000000   -378470.48514814
    5000   -432136.45904149     -8893.82572587         0.03498725         0.00000000     50118.62542488         0.00000000         0.00000000      6993.08193114     -2136.53568772     30511.28787237    -22535.62822124      -392.20164044         0.00000000         0.00000000         0.00000000   -378471.62010111
   Iter.            Ebond              Eatom                Elp               Emol               Eval               Ecoa               Ehbo              Etors              Econj               Evdw              Ecoul            Echarge             Efield             Erestr             Eelec              Etotal
    5099   -432136.91060979     -8894.05951067         0.03693565         0.00000000     50118.55794922         0.00000000         0.00000000      6993.36748047     -2136.63731996     30511.50343985    -22535.53962766      -392.25889974         0.00000000         0.00000000         0.00000000   -378471.94016262
